adv920
920	real
1 1 1
2 2 1
3 3 1
4 4 1
4 417 1e-06
4 14 1e-06
5 5 1
6 6 1
7 7 1
8 8 1
8 7 1e-06
8 423 1e-06
8 424 1e-06
8 431 1e-06
8 422 1e-06
8 429 1e-06
8 450 1e-06
8 435 1e-06
8 434 1e-06
8 491 1e-06
8 498 1e-06
8 496 1e-06
8 517 1e-06
8 502 1e-06
8 501 1e-06
8 538 1e-06
8 545 1e-06
8 543 1e-06
8 564 1e-06
8 549 1e-06
8 548 1e-06
8 573 1e-06
8 580 1e-06
8 578 1e-06
8 599 1e-06
8 584 1e-06
8 583 1e-06
8 676 1e-06
8 683 1e-06
8 681 1e-06
8 702 1e-06
8 687 1e-06
8 686 1e-06
8 853 1e-06
8 860 1e-06
8 858 1e-06
8 880 1e-06
8 864 1e-06
8 863 1e-06
8 882 1e-06
8 889 1e-06
8 887 1e-06
8 908 1e-06
8 893 1e-06
8 892 1e-06
8 824 1e-06
8 803 1e-06
8 804 1e-06
8 802 1e-06
8 823 1e-06
8 814 1e-06
8 850 1e-06
8 829 1e-06
8 830 1e-06
8 828 1e-06
8 849 1e-06
8 840 1e-06
8 785 1e-06
8 763 1e-06
8 762 1e-06
8 759 1e-06
8 751 1e-06
8 757 1e-06
9 9 1
10 10 1
10 15 1e-06
10 423 1e-06
10 422 1e-06
10 9 1e-06
11 11 1
11 16 1e-06
11 423 1e-06
11 422 1e-06
11 12 1e-06
12 12 1
12 13 1e-06
12 423 1e-06
12 422 1e-06
12 11 1e-06
13 13 1
13 12 1e-06
13 423 1e-06
13 422 1e-06
13 14 1e-06
14 14 1
14 4 1e-06
14 423 1e-06
14 422 1e-06
14 13 1e-06
15 15 1
15 10 1e-06
15 423 1e-06
15 422 1e-06
15 16 1e-06
16 16 1
16 11 1e-06
16 423 1e-06
16 422 1e-06
16 15 1e-06
17 17 1
17 330 1e-06
17 79 1e-06
17 423 1e-06
18 18 1
18 59 1e-06
18 29 1e-06
18 423 1e-06
18 422 1e-06
19 19 1
19 31 1e-06
19 30 1e-06
19 423 1e-06
20 20 1
20 60 1e-06
20 33 1e-06
20 423 1e-06
21 21 1
21 58 1e-06
21 41 1e-06
21 423 1e-06
21 566 1e-06
21 422 1e-06
21 565 1e-06
22 22 1
22 384 1e-06
22 42 1e-06
22 423 1e-06
22 422 1e-06
23 23 1
23 385 1e-06
23 43 1e-06
23 423 1e-06
24 24 1
24 386 1e-06
24 44 1e-06
24 423 1e-06
25 25 1
25 387 1e-06
25 45 1e-06
25 423 1e-06
25 518 1e-06
26 26 1
26 388 1e-06
26 46 1e-06
26 423 1e-06
26 519 1e-06
27 27 1
27 389 1e-06
27 47 1e-06
27 423 1e-06
27 520 1e-06
28 28 1
28 391 1e-06
28 48 1e-06
28 423 1e-06
28 521 1e-06
29 29 1
29 18 1e-06
29 38 1e-06
29 423 1e-06
30 30 1
30 19 1e-06
30 39 1e-06
30 423 1e-06
31 31 1
31 354 1e-06
31 19 1e-06
31 423 1e-06
32 32 1
32 354 1e-06
32 72 1e-06
32 423 1e-06
33 33 1
33 20 1e-06
33 40 1e-06
33 423 1e-06
33 422 1e-06
34 34 1
34 407 1e-06
34 211 1e-06
34 423 1e-06
35 35 1
35 408 1e-06
35 212 1e-06
35 423 1e-06
36 36 1
36 409 1e-06
36 213 1e-06
36 423 1e-06
36 62 1e-06
36 422 1e-06
36 61 1e-06
37 37 1
37 410 1e-06
37 214 1e-06
37 423 1e-06
37 535 1e-06
37 422 1e-06
37 534 1e-06
38 38 1
38 29 1e-06
38 215 1e-06
38 423 1e-06
39 39 1
39 30 1e-06
39 216 1e-06
39 423 1e-06
40 40 1
40 33 1e-06
40 217 1e-06
40 423 1e-06
40 65 1e-06
40 66 1e-06
41 41 1
41 21 1e-06
41 218 1e-06
41 423 1e-06
41 568 1e-06
41 422 1e-06
41 567 1e-06
42 42 1
42 22 1e-06
42 219 1e-06
42 423 1e-06
42 422 1e-06
43 43 1
43 23 1e-06
43 220 1e-06
43 423 1e-06
44 44 1
44 24 1e-06
44 221 1e-06
44 423 1e-06
45 45 1
45 25 1e-06
45 222 1e-06
45 423 1e-06
45 54 1e-06
45 524 1e-06
46 46 1
46 26 1e-06
46 223 1e-06
46 423 1e-06
46 54 1e-06
46 525 1e-06
47 47 1
47 27 1e-06
47 224 1e-06
47 423 1e-06
47 56 1e-06
47 528 1e-06
48 48 1
48 28 1e-06
48 225 1e-06
48 423 1e-06
48 56 1e-06
48 529 1e-06
49 49 1
49 50 1e-06
49 423 1e-06
49 522 1e-06
49 422 1e-06
49 523 1e-06
50 50 1
50 49 1e-06
50 51 1e-06
50 423 1e-06
50 422 1e-06
50 534 1e-06
51 51 1
51 50 1e-06
51 52 1e-06
51 423 1e-06
52 52 1
52 51 1e-06
52 53 1e-06
52 423 1e-06
53 53 1
53 52 1e-06
53 54 1e-06
53 423 1e-06
54 54 1
54 53 1e-06
54 55 1e-06
54 423 1e-06
54 524 1e-06
54 45 1e-06
54 525 1e-06
54 46 1e-06
55 55 1
55 54 1e-06
55 56 1e-06
55 423 1e-06
55 526 1e-06
55 422 1e-06
55 527 1e-06
56 56 1
56 55 1e-06
56 423 1e-06
56 528 1e-06
56 47 1e-06
56 529 1e-06
56 48 1e-06
57 57 1
57 410 1e-06
57 423 1e-06
57 531 1e-06
57 422 1e-06
57 530 1e-06
58 58 1
58 21 1e-06
58 423 1e-06
58 537 1e-06
58 422 1e-06
58 536 1e-06
59 59 1
59 18 1e-06
59 423 1e-06
59 403 1e-06
59 406 1e-06
60 60 1
60 20 1e-06
60 423 1e-06
61 61 1
61 63 1e-06
61 423 1e-06
61 422 1e-06
61 36 1e-06
61 534 1e-06
61 535 1e-06
62 62 1
62 64 1e-06
62 423 1e-06
62 36 1e-06
63 63 1
63 65 1e-06
63 61 1e-06
63 423 1e-06
63 64 1e-06
64 64 1
64 66 1e-06
64 62 1e-06
64 423 1e-06
64 63 1e-06
65 65 1
65 63 1e-06
65 423 1e-06
65 40 1e-06
65 66 1e-06
66 66 1
66 64 1e-06
66 423 1e-06
66 40 1e-06
66 65 1e-06
67 67 1
67 70 1e-06
67 423 1e-06
67 569 1e-06
67 570 1e-06
68 68 1
68 72 1e-06
68 423 1e-06
68 571 1e-06
68 572 1e-06
68 422 1e-06
69 69 1
69 214 1e-06
69 218 1e-06
69 111 1e-06
69 423 1e-06
70 70 1
70 211 1e-06
70 221 1e-06
70 67 1e-06
70 80 1e-06
70 92 1e-06
70 96 1e-06
70 113 1e-06
70 423 1e-06
70 618 1e-06
70 422 1e-06
70 617 1e-06
70 626 1e-06
70 625 1e-06
70 622 1e-06
70 621 1e-06
70 614 1e-06
70 613 1e-06
71 71 1
71 212 1e-06
71 112 1e-06
71 423 1e-06
72 72 1
72 32 1e-06
72 216 1e-06
72 68 1e-06
72 81 1e-06
72 116 1e-06
72 423 1e-06
73 73 1
73 90 1e-06
73 94 1e-06
73 423 1e-06
73 422 1e-06
73 621 1e-06
74 74 1
74 213 1e-06
74 219 1e-06
74 91 1e-06
74 95 1e-06
74 117 1e-06
74 423 1e-06
74 627 1e-06
74 422 1e-06
74 624 1e-06
74 619 1e-06
74 616 1e-06
74 615 1e-06
74 612 1e-06
74 623 1e-06
74 620 1e-06
75 75 1
75 93 1e-06
75 97 1e-06
75 423 1e-06
75 422 1e-06
75 617 1e-06
76 76 1
76 215 1e-06
76 114 1e-06
76 423 1e-06
77 77 1
77 217 1e-06
77 115 1e-06
77 423 1e-06
78 78 1
78 411 1e-06
78 423 1e-06
78 620 1e-06
78 623 1e-06
78 612 1e-06
78 615 1e-06
79 79 1
79 17 1e-06
79 423 1e-06
79 616 1e-06
79 619 1e-06
79 624 1e-06
79 627 1e-06
80 80 1
80 70 1e-06
80 84 1e-06
80 423 1e-06
80 600 1e-06
80 601 1e-06
81 81 1
81 72 1e-06
81 85 1e-06
81 423 1e-06
81 602 1e-06
81 603 1e-06
81 422 1e-06
82 82 1
82 222 1e-06
82 98 1e-06
82 423 1e-06
82 422 1e-06
82 83 1e-06
82 601 1e-06
82 603 1e-06
83 83 1
83 223 1e-06
83 99 1e-06
83 423 1e-06
83 422 1e-06
83 82 1e-06
83 601 1e-06
83 603 1e-06
84 84 1
84 80 1e-06
84 86 1e-06
84 423 1e-06
84 604 1e-06
84 605 1e-06
85 85 1
85 81 1e-06
85 87 1e-06
85 423 1e-06
85 606 1e-06
85 607 1e-06
85 422 1e-06
86 86 1
86 84 1e-06
86 423 1e-06
86 608 1e-06
86 609 1e-06
87 87 1
87 85 1e-06
87 423 1e-06
87 610 1e-06
87 611 1e-06
87 422 1e-06
88 88 1
88 224 1e-06
88 108 1e-06
88 423 1e-06
89 89 1
89 225 1e-06
89 109 1e-06
89 423 1e-06
90 90 1
90 73 1e-06
90 423 1e-06
90 303 1e-06
90 422 1e-06
90 302 1e-06
91 91 1
91 74 1e-06
91 423 1e-06
91 422 1e-06
91 303 1e-06
91 302 1e-06
92 92 1
92 70 1e-06
92 110 1e-06
92 423 1e-06
93 93 1
93 75 1e-06
93 423 1e-06
93 303 1e-06
93 422 1e-06
93 302 1e-06
94 94 1
94 73 1e-06
94 100 1e-06
94 423 1e-06
94 99 1e-06
94 348 1e-06
94 98 1e-06
94 346 1e-06
95 95 1
95 74 1e-06
95 101 1e-06
95 423 1e-06
95 422 1e-06
95 257 1e-06
95 348 1e-06
95 99 1e-06
95 346 1e-06
95 256 1e-06
95 98 1e-06
96 96 1
96 70 1e-06
96 102 1e-06
96 119 1e-06
96 423 1e-06
97 97 1
97 75 1e-06
97 103 1e-06
97 423 1e-06
97 257 1e-06
97 348 1e-06
97 256 1e-06
97 346 1e-06
98 98 1
98 82 1e-06
98 423 1e-06
98 422 1e-06
98 94 1e-06
98 346 1e-06
98 95 1e-06
99 99 1
99 83 1e-06
99 423 1e-06
99 422 1e-06
99 94 1e-06
99 348 1e-06
99 95 1e-06
100 100 1
100 94 1e-06
100 104 1e-06
100 423 1e-06
100 259 1e-06
100 305 1e-06
100 258 1e-06
100 304 1e-06
101 101 1
101 95 1e-06
101 105 1e-06
101 423 1e-06
101 422 1e-06
101 259 1e-06
101 305 1e-06
101 304 1e-06
101 258 1e-06
102 102 1
102 96 1e-06
102 106 1e-06
102 121 1e-06
102 423 1e-06
103 103 1
103 97 1e-06
103 107 1e-06
103 423 1e-06
103 259 1e-06
103 305 1e-06
103 258 1e-06
103 304 1e-06
104 104 1
104 100 1e-06
104 423 1e-06
104 261 1e-06
104 352 1e-06
104 260 1e-06
104 350 1e-06
105 105 1
105 101 1e-06
105 423 1e-06
105 422 1e-06
105 109 1e-06
105 352 1e-06
105 261 1e-06
105 350 1e-06
105 108 1e-06
105 260 1e-06
106 106 1
106 102 1e-06
106 123 1e-06
106 423 1e-06
107 107 1
107 103 1e-06
107 423 1e-06
107 109 1e-06
107 352 1e-06
107 108 1e-06
107 350 1e-06
108 108 1
108 88 1e-06
108 423 1e-06
108 422 1e-06
108 107 1e-06
108 350 1e-06
108 105 1e-06
109 109 1
109 89 1e-06
109 423 1e-06
109 422 1e-06
109 107 1e-06
109 352 1e-06
109 105 1e-06
110 110 1
110 92 1e-06
110 423 1e-06
110 639 1e-06
110 422 1e-06
110 649 1e-06
110 641 1e-06
110 630 1e-06
110 647 1e-06
110 637 1e-06
111 111 1
111 69 1e-06
111 151 1e-06
111 423 1e-06
112 112 1
112 71 1e-06
112 150 1e-06
112 423 1e-06
113 113 1
113 70 1e-06
113 153 1e-06
113 423 1e-06
114 114 1
114 76 1e-06
114 423 1e-06
114 422 1e-06
114 847 1e-06
115 115 1
115 77 1e-06
115 423 1e-06
115 422 1e-06
115 848 1e-06
116 116 1
116 72 1e-06
116 167 1e-06
116 187 1e-06
116 423 1e-06
117 117 1
117 74 1e-06
117 183 1e-06
117 252 1e-06
117 423 1e-06
118 118 1
118 346 1e-06
118 423 1e-06
118 673 1e-06
118 663 1e-06
118 422 1e-06
118 665 1e-06
119 119 1
119 96 1e-06
119 423 1e-06
119 663 1e-06
119 422 1e-06
119 673 1e-06
119 665 1e-06
119 654 1e-06
119 671 1e-06
119 661 1e-06
120 120 1
120 348 1e-06
120 423 1e-06
120 654 1e-06
120 671 1e-06
120 422 1e-06
120 661 1e-06
121 121 1
121 102 1e-06
121 423 1e-06
121 714 1e-06
121 422 1e-06
121 724 1e-06
121 716 1e-06
121 705 1e-06
121 722 1e-06
121 712 1e-06
122 122 1
122 350 1e-06
122 423 1e-06
122 748 1e-06
122 738 1e-06
122 422 1e-06
122 740 1e-06
123 123 1
123 106 1e-06
123 423 1e-06
123 738 1e-06
123 422 1e-06
123 748 1e-06
123 740 1e-06
123 729 1e-06
123 746 1e-06
123 736 1e-06
124 124 1
124 352 1e-06
124 423 1e-06
124 729 1e-06
124 746 1e-06
124 422 1e-06
124 736 1e-06
125 125 1
125 127 1e-06
125 423 1e-06
125 648 1e-06
125 634 1e-06
125 422 1e-06
125 633 1e-06
125 636 1e-06
125 646 1e-06
125 632 1e-06
125 631 1e-06
125 635 1e-06
126 126 1
126 128 1e-06
126 423 1e-06
126 648 1e-06
126 634 1e-06
126 422 1e-06
126 636 1e-06
126 646 1e-06
126 632 1e-06
126 635 1e-06
127 127 1
127 125 1e-06
127 129 1e-06
127 423 1e-06
128 128 1
128 126 1e-06
128 149 1e-06
128 423 1e-06
129 129 1
129 127 1e-06
129 130 1e-06
129 423 1e-06
130 130 1
130 129 1e-06
130 131 1e-06
130 423 1e-06
131 131 1
131 130 1e-06
131 133 1e-06
131 180 1e-06
131 423 1e-06
132 132 1
132 134 1e-06
132 181 1e-06
132 423 1e-06
133 133 1
133 131 1e-06
133 135 1e-06
133 423 1e-06
133 672 1e-06
133 658 1e-06
133 422 1e-06
133 657 1e-06
133 660 1e-06
133 670 1e-06
133 656 1e-06
133 655 1e-06
133 659 1e-06
134 134 1
134 132 1e-06
134 136 1e-06
134 423 1e-06
134 672 1e-06
134 658 1e-06
134 422 1e-06
134 660 1e-06
134 670 1e-06
134 656 1e-06
134 659 1e-06
135 135 1
135 133 1e-06
135 137 1e-06
135 423 1e-06
135 723 1e-06
135 709 1e-06
135 422 1e-06
135 708 1e-06
135 711 1e-06
135 721 1e-06
135 707 1e-06
135 706 1e-06
135 710 1e-06
136 136 1
136 134 1e-06
136 138 1e-06
136 423 1e-06
136 723 1e-06
136 709 1e-06
136 422 1e-06
136 711 1e-06
136 721 1e-06
136 707 1e-06
136 710 1e-06
137 137 1
137 135 1e-06
137 423 1e-06
137 747 1e-06
137 733 1e-06
137 422 1e-06
137 732 1e-06
137 735 1e-06
137 745 1e-06
137 731 1e-06
137 730 1e-06
137 734 1e-06
138 138 1
138 136 1e-06
138 423 1e-06
138 747 1e-06
138 733 1e-06
138 422 1e-06
138 735 1e-06
138 745 1e-06
138 731 1e-06
138 734 1e-06
139 139 1
139 143 1e-06
139 423 1e-06
139 767 1e-06
139 422 1e-06
139 781 1e-06
139 768 1e-06
139 765 1e-06
139 780 1e-06
139 766 1e-06
140 140 1
140 145 1e-06
140 423 1e-06
140 422 1e-06
140 784 1e-06
140 777 1e-06
140 755 1e-06
140 141 1e-06
141 141 1
141 255 1e-06
141 423 1e-06
141 778 1e-06
141 422 1e-06
141 140 1e-06
142 142 1
142 147 1e-06
142 423 1e-06
142 422 1e-06
142 780 1e-06
142 771 1e-06
142 421 1e-06
143 143 1
143 139 1e-06
143 154 1e-06
143 423 1e-06
144 144 1
144 156 1e-06
144 423 1e-06
144 262 1e-06
144 422 1e-06
144 789 1e-06
144 242 1e-06
144 792 1e-06
144 793 1e-06
144 794 1e-06
144 788 1e-06
144 790 1e-06
144 791 1e-06
144 786 1e-06
145 145 1
145 140 1e-06
145 423 1e-06
145 150 1e-06
145 422 1e-06
146 146 1
146 157 1e-06
146 423 1e-06
146 422 1e-06
146 794 1e-06
147 147 1
147 142 1e-06
147 423 1e-06
147 422 1e-06
147 796 1e-06
147 787 1e-06
148 148 1
148 155 1e-06
148 423 1e-06
148 795 1e-06
148 422 1e-06
149 149 1
149 128 1e-06
149 423 1e-06
149 422 1e-06
149 152 1e-06
150 150 1
150 112 1e-06
150 423 1e-06
150 422 1e-06
150 145 1e-06
151 151 1
151 111 1e-06
151 423 1e-06
151 422 1e-06
151 792 1e-06
151 795 1e-06
151 242 1e-06
151 793 1e-06
152 152 1
152 417 1e-06
152 423 1e-06
152 422 1e-06
152 149 1e-06
153 153 1
153 113 1e-06
153 423 1e-06
153 422 1e-06
153 798 1e-06
154 154 1
154 143 1e-06
154 158 1e-06
154 423 1e-06
155 155 1
155 148 1e-06
155 159 1e-06
155 423 1e-06
156 156 1
156 144 1e-06
156 160 1e-06
156 423 1e-06
157 157 1
157 146 1e-06
157 165 1e-06
157 423 1e-06
158 158 1
158 154 1e-06
158 167 1e-06
158 423 1e-06
159 159 1
159 155 1e-06
159 168 1e-06
159 423 1e-06
160 160 1
160 156 1e-06
160 169 1e-06
160 423 1e-06
161 161 1
161 201 1e-06
161 170 1e-06
161 423 1e-06
161 813 1e-06
161 422 1e-06
161 809 1e-06
162 162 1
162 201 1e-06
162 171 1e-06
162 423 1e-06
162 812 1e-06
162 422 1e-06
162 808 1e-06
162 820 1e-06
163 163 1
163 201 1e-06
163 172 1e-06
163 423 1e-06
163 811 1e-06
163 801 1e-06
163 422 1e-06
163 807 1e-06
164 164 1
164 201 1e-06
164 173 1e-06
164 423 1e-06
164 810 1e-06
164 800 1e-06
164 422 1e-06
164 806 1e-06
165 165 1
165 157 1e-06
165 174 1e-06
165 423 1e-06
166 166 1
166 201 1e-06
166 175 1e-06
166 423 1e-06
166 422 1e-06
166 417 1e-06
167 167 1
167 158 1e-06
167 116 1e-06
167 423 1e-06
168 168 1
168 159 1e-06
168 176 1e-06
168 423 1e-06
169 169 1
169 160 1e-06
169 177 1e-06
169 423 1e-06
170 170 1
170 161 1e-06
170 179 1e-06
170 423 1e-06
170 839 1e-06
170 422 1e-06
170 835 1e-06
171 171 1
171 162 1e-06
171 179 1e-06
171 423 1e-06
171 838 1e-06
171 422 1e-06
171 834 1e-06
171 846 1e-06
172 172 1
172 163 1e-06
172 179 1e-06
172 423 1e-06
172 837 1e-06
172 827 1e-06
172 422 1e-06
172 833 1e-06
173 173 1
173 164 1e-06
173 179 1e-06
173 423 1e-06
173 836 1e-06
173 826 1e-06
173 422 1e-06
173 832 1e-06
174 174 1
174 165 1e-06
174 178 1e-06
174 423 1e-06
175 175 1
175 166 1e-06
175 179 1e-06
175 423 1e-06
175 422 1e-06
175 417 1e-06
176 176 1
176 168 1e-06
176 182 1e-06
176 423 1e-06
177 177 1
177 169 1e-06
177 184 1e-06
177 423 1e-06
178 178 1
178 174 1e-06
178 186 1e-06
178 423 1e-06
179 179 1
179 170 1e-06
179 171 1e-06
179 172 1e-06
179 173 1e-06
179 175 1e-06
179 423 1e-06
180 180 1
180 131 1e-06
180 423 1e-06
181 181 1
181 132 1e-06
181 423 1e-06
181 422 1e-06
181 185 1e-06
182 182 1
182 176 1e-06
182 423 1e-06
182 422 1e-06
182 851 1e-06
183 183 1
183 117 1e-06
183 423 1e-06
183 422 1e-06
183 187 1e-06
184 184 1
184 177 1e-06
184 423 1e-06
184 422 1e-06
184 190 1e-06
185 185 1
185 417 1e-06
185 423 1e-06
185 181 1e-06
185 422 1e-06
186 186 1
186 178 1e-06
186 423 1e-06
186 187 1e-06
186 422 1e-06
187 187 1
187 116 1e-06
187 193 1e-06
187 423 1e-06
187 422 1e-06
187 183 1e-06
187 186 1e-06
188 188 1
188 197 1e-06
188 412 1e-06
188 423 1e-06
189 189 1
189 198 1e-06
189 413 1e-06
189 423 1e-06
190 190 1
190 417 1e-06
190 423 1e-06
190 184 1e-06
190 422 1e-06
191 191 1
191 192 1e-06
191 423 1e-06
191 851 1e-06
191 422 1e-06
192 192 1
192 191 1e-06
192 423 1e-06
192 422 1e-06
192 417 1e-06
192 193 1e-06
192 852 1e-06
193 193 1
193 187 1e-06
193 423 1e-06
193 192 1e-06
193 422 1e-06
193 852 1e-06
194 194 1
194 199 1e-06
194 414 1e-06
194 423 1e-06
195 195 1
195 200 1e-06
195 415 1e-06
195 423 1e-06
196 196 1
196 416 1e-06
196 423 1e-06
196 759 1e-06
196 422 1e-06
196 757 1e-06
197 197 1
197 188 1e-06
197 423 1e-06
197 422 1e-06
197 675 1e-06
198 198 1
198 189 1e-06
198 423 1e-06
198 422 1e-06
198 674 1e-06
199 199 1
199 194 1e-06
199 423 1e-06
199 422 1e-06
199 750 1e-06
200 200 1
200 195 1e-06
200 423 1e-06
200 422 1e-06
200 749 1e-06
201 201 1
201 161 1e-06
201 162 1e-06
201 163 1e-06
201 164 1e-06
201 166 1e-06
201 423 1e-06
202 202 1
202 423 1e-06
202 422 1e-06
203 203 1
203 3 1e-06
203 423 1e-06
203 828 1e-06
203 422 1e-06
203 840 1e-06
204 204 1
204 205 1e-06
204 228 1e-06
204 423 1e-06
204 422 1e-06
204 226 1e-06
205 205 1
205 204 1e-06
205 245 1e-06
205 423 1e-06
205 422 1e-06
206 206 1
206 323 1e-06
206 354 1e-06
206 423 1e-06
207 207 1
207 334 1e-06
207 208 1e-06
207 423 1e-06
207 551 1e-06
207 422 1e-06
207 560 1e-06
207 552 1e-06
207 553 1e-06
207 561 1e-06
207 554 1e-06
208 208 1
208 207 1e-06
208 210 1e-06
208 423 1e-06
208 895 1e-06
208 422 1e-06
208 904 1e-06
208 896 1e-06
208 897 1e-06
208 905 1e-06
208 898 1e-06
209 209 1
209 362 1e-06
209 354 1e-06
209 423 1e-06
210 210 1
210 385 1e-06
210 208 1e-06
210 423 1e-06
211 211 1
211 70 1e-06
211 34 1e-06
211 423 1e-06
212 212 1
212 71 1e-06
212 35 1e-06
212 423 1e-06
213 213 1
213 74 1e-06
213 36 1e-06
213 423 1e-06
214 214 1
214 69 1e-06
214 37 1e-06
214 423 1e-06
215 215 1
215 76 1e-06
215 38 1e-06
215 423 1e-06
216 216 1
216 72 1e-06
216 39 1e-06
216 423 1e-06
217 217 1
217 77 1e-06
217 40 1e-06
217 423 1e-06
218 218 1
218 69 1e-06
218 41 1e-06
218 423 1e-06
218 881 1e-06
218 422 1e-06
218 231 1e-06
219 219 1
219 74 1e-06
219 42 1e-06
219 423 1e-06
220 220 1
220 43 1e-06
220 236 1e-06
220 423 1e-06
221 221 1
221 70 1e-06
221 44 1e-06
221 423 1e-06
222 222 1
222 82 1e-06
222 45 1e-06
222 423 1e-06
223 223 1
223 83 1e-06
223 46 1e-06
223 423 1e-06
224 224 1
224 88 1e-06
224 47 1e-06
224 423 1e-06
225 225 1
225 89 1e-06
225 48 1e-06
225 423 1e-06
226 226 1
226 227 1e-06
226 423 1e-06
226 204 1e-06
226 422 1e-06
227 227 1
227 226 1e-06
227 229 1e-06
227 423 1e-06
228 228 1
228 204 1e-06
228 230 1e-06
228 423 1e-06
229 229 1
229 227 1e-06
229 231 1e-06
229 423 1e-06
230 230 1
230 228 1e-06
230 232 1e-06
230 423 1e-06
231 231 1
231 229 1e-06
231 423 1e-06
231 422 1e-06
231 881 1e-06
231 218 1e-06
232 232 1
232 230 1e-06
232 233 1e-06
232 423 1e-06
233 233 1
233 232 1e-06
233 234 1e-06
233 423 1e-06
233 422 1e-06
234 234 1
234 233 1e-06
234 235 1e-06
234 423 1e-06
234 422 1e-06
235 235 1
235 234 1e-06
235 423 1e-06
235 422 1e-06
236 236 1
236 220 1e-06
236 251 1e-06
236 423 1e-06
237 237 1
237 241 1e-06
237 238 1e-06
237 423 1e-06
237 816 1e-06
237 422 1e-06
237 822 1e-06
237 818 1e-06
238 238 1
238 237 1e-06
238 251 1e-06
238 423 1e-06
238 842 1e-06
238 422 1e-06
238 848 1e-06
238 844 1e-06
239 239 1
239 241 1e-06
239 240 1e-06
239 423 1e-06
239 815 1e-06
239 422 1e-06
239 821 1e-06
239 817 1e-06
240 240 1
240 239 1e-06
240 251 1e-06
240 423 1e-06
240 841 1e-06
240 422 1e-06
240 847 1e-06
240 843 1e-06
241 241 1
241 237 1e-06
241 239 1e-06
241 242 1e-06
241 423 1e-06
242 242 1
242 241 1e-06
242 423 1e-06
242 422 1e-06
242 151 1e-06
242 144 1e-06
242 792 1e-06
242 793 1e-06
243 243 1
243 244 1e-06
243 250 1e-06
243 423 1e-06
244 244 1
244 243 1e-06
244 423 1e-06
244 422 1e-06
244 796 1e-06
244 787 1e-06
244 794 1e-06
244 790 1e-06
244 788 1e-06
244 791 1e-06
244 786 1e-06
245 245 1
245 205 1e-06
245 246 1e-06
245 423 1e-06
246 246 1
246 245 1e-06
246 247 1e-06
246 423 1e-06
247 247 1
247 246 1e-06
247 250 1e-06
247 423 1e-06
248 248 1
248 423 1e-06
248 422 1e-06
248 904 1e-06
248 479 1e-06
248 482 1e-06
248 467 1e-06
248 470 1e-06
249 249 1
249 423 1e-06
249 422 1e-06
249 905 1e-06
249 471 1e-06
249 474 1e-06
249 475 1e-06
249 478 1e-06
250 250 1
250 247 1e-06
250 243 1e-06
250 423 1e-06
251 251 1
251 236 1e-06
251 238 1e-06
251 240 1e-06
251 423 1e-06
252 252 1
252 117 1e-06
252 253 1e-06
252 423 1e-06
253 253 1
253 252 1e-06
253 254 1e-06
253 423 1e-06
254 254 1
254 253 1e-06
254 255 1e-06
255 255 1
255 141 1e-06
255 254 1e-06
255 423 1e-06
256 256 1
256 423 1e-06
256 422 1e-06
256 97 1e-06
256 346 1e-06
256 95 1e-06
257 257 1
257 423 1e-06
257 422 1e-06
257 97 1e-06
257 348 1e-06
257 95 1e-06
258 258 1
258 423 1e-06
258 422 1e-06
258 259 1e-06
258 459 1e-06
258 460 1e-06
258 462 1e-06
258 461 1e-06
258 604 1e-06
258 605 1e-06
258 606 1e-06
258 607 1e-06
258 103 1e-06
258 304 1e-06
258 100 1e-06
258 101 1e-06
259 259 1
259 423 1e-06
259 422 1e-06
259 258 1e-06
259 459 1e-06
259 460 1e-06
259 461 1e-06
259 462 1e-06
259 604 1e-06
259 605 1e-06
259 607 1e-06
259 606 1e-06
259 103 1e-06
259 305 1e-06
259 100 1e-06
259 101 1e-06
260 260 1
260 423 1e-06
260 422 1e-06
260 350 1e-06
260 104 1e-06
260 105 1e-06
261 261 1
261 423 1e-06
261 422 1e-06
261 352 1e-06
261 104 1e-06
261 105 1e-06
262 262 1
262 263 1e-06
262 423 1e-06
262 422 1e-06
262 144 1e-06
262 789 1e-06
263 263 1
263 262 1e-06
263 423 1e-06
263 775 1e-06
263 422 1e-06
263 755 1e-06
263 774 1e-06
264 264 1
264 423 1e-06
264 422 1e-06
264 446 1e-06
265 265 1
265 423 1e-06
265 422 1e-06
266 266 1
266 423 1e-06
267 267 1
267 423 1e-06
267 342 1e-06
267 422 1e-06
268 268 1
268 423 1e-06
268 342 1e-06
269 269 1
269 423 1e-06
269 422 1e-06
270 270 1
270 423 1e-06
271 271 1
271 423 1e-06
271 344 1e-06
271 422 1e-06
272 272 1
272 423 1e-06
272 344 1e-06
273 273 1
273 423 1e-06
273 336 1e-06
274 274 1
274 423 1e-06
274 333 1e-06
275 275 1
275 423 1e-06
275 422 1e-06
275 447 1e-06
276 276 1
276 423 1e-06
276 336 1e-06
277 277 1
277 423 1e-06
277 333 1e-06
278 278 1
278 423 1e-06
278 349 1e-06
278 336 1e-06
279 279 1
279 423 1e-06
279 349 1e-06
279 333 1e-06
280 280 1
280 423 1e-06
280 422 1e-06
281 281 1
281 423 1e-06
282 282 1
282 423 1e-06
282 351 1e-06
282 422 1e-06
283 283 1
283 423 1e-06
283 351 1e-06
284 284 1
284 423 1e-06
284 422 1e-06
285 285 1
285 423 1e-06
286 286 1
286 423 1e-06
286 422 1e-06
286 446 1e-06
286 437 1e-06
286 438 1e-06
286 448 1e-06
286 436 1e-06
286 441 1e-06
286 427 1e-06
286 445 1e-06
287 287 1
287 423 1e-06
287 353 1e-06
287 422 1e-06
288 288 1
288 423 1e-06
288 353 1e-06
289 289 1
289 423 1e-06
289 340 1e-06
290 290 1
290 423 1e-06
290 338 1e-06
291 291 1
291 423 1e-06
291 355 1e-06
291 340 1e-06
292 292 1
292 423 1e-06
292 355 1e-06
292 338 1e-06
293 293 1
293 423 1e-06
293 340 1e-06
294 294 1
294 423 1e-06
294 338 1e-06
295 295 1
295 423 1e-06
295 422 1e-06
295 480 1e-06
296 296 1
296 423 1e-06
296 422 1e-06
296 468 1e-06
297 297 1
297 423 1e-06
297 422 1e-06
297 513 1e-06
297 504 1e-06
297 505 1e-06
297 515 1e-06
297 503 1e-06
297 508 1e-06
297 494 1e-06
297 512 1e-06
298 298 1
298 423 1e-06
298 422 1e-06
298 532 1e-06
299 299 1
299 423 1e-06
299 422 1e-06
299 536 1e-06
300 300 1
300 423 1e-06
300 422 1e-06
300 565 1e-06
301 301 1
301 423 1e-06
301 422 1e-06
301 567 1e-06
302 302 1
302 423 1e-06
302 422 1e-06
302 93 1e-06
302 90 1e-06
302 91 1e-06
303 303 1
303 423 1e-06
303 422 1e-06
303 93 1e-06
303 90 1e-06
303 91 1e-06
304 304 1
304 423 1e-06
304 422 1e-06
304 103 1e-06
304 258 1e-06
304 100 1e-06
304 101 1e-06
305 305 1
305 423 1e-06
305 422 1e-06
305 103 1e-06
305 259 1e-06
305 100 1e-06
305 101 1e-06
306 306 1
306 423 1e-06
306 422 1e-06
306 613 1e-06
307 307 1
307 423 1e-06
307 422 1e-06
307 625 1e-06
308 308 1
308 423 1e-06
308 422 1e-06
308 560 1e-06
308 551 1e-06
308 552 1e-06
308 562 1e-06
308 550 1e-06
308 555 1e-06
308 541 1e-06
308 559 1e-06
309 309 1
309 423 1e-06
309 422 1e-06
309 651 1e-06
310 310 1
310 423 1e-06
310 422 1e-06
310 650 1e-06
311 311 1
311 423 1e-06
311 422 1e-06
311 726 1e-06
312 312 1
312 423 1e-06
312 422 1e-06
312 725 1e-06
313 313 1
313 423 1e-06
313 422 1e-06
313 754 1e-06
313 779 1e-06
313 782 1e-06
313 769 1e-06
313 764 1e-06
313 765 1e-06
313 780 1e-06
313 766 1e-06
314 314 1
314 423 1e-06
314 422 1e-06
314 815 1e-06
314 821 1e-06
314 817 1e-06
314 801 1e-06
314 809 1e-06
314 820 1e-06
314 813 1e-06
314 812 1e-06
315 315 1
315 423 1e-06
315 422 1e-06
315 841 1e-06
315 847 1e-06
315 843 1e-06
315 827 1e-06
315 835 1e-06
315 846 1e-06
315 839 1e-06
315 838 1e-06
316 316 1
316 423 1e-06
316 422 1e-06
316 904 1e-06
316 895 1e-06
316 896 1e-06
316 906 1e-06
316 894 1e-06
316 899 1e-06
316 885 1e-06
316 903 1e-06
316 821 1e-06
317 317 1
317 423 1e-06
317 422 1e-06
317 822 1e-06
318 318 1
318 423 1e-06
318 422 1e-06
318 595 1e-06
318 586 1e-06
318 587 1e-06
318 597 1e-06
318 585 1e-06
318 590 1e-06
318 576 1e-06
318 594 1e-06
319 319 1
319 423 1e-06
319 422 1e-06
319 698 1e-06
320 320 1
320 423 1e-06
320 422 1e-06
320 699 1e-06
321 321 1
321 423 1e-06
321 422 1e-06
321 698 1e-06
321 689 1e-06
321 690 1e-06
321 700 1e-06
321 688 1e-06
321 693 1e-06
321 679 1e-06
321 697 1e-06
322 322 1
323 323 1
323 206 1e-06
323 423 1e-06
323 437 1e-06
323 422 1e-06
323 446 1e-06
323 438 1e-06
323 439 1e-06
323 447 1e-06
323 440 1e-06
324 324 1
324 2 1e-06
324 423 1e-06
324 545 1e-06
324 422 1e-06
324 543 1e-06
325 325 1
325 5 1e-06
325 423 1e-06
325 580 1e-06
325 422 1e-06
325 578 1e-06
326 326 1
326 6 1e-06
326 423 1e-06
326 860 1e-06
326 422 1e-06
326 858 1e-06
327 327 1
327 423 1e-06
327 422 1e-06
327 513 1e-06
328 328 1
328 423 1e-06
328 422 1e-06
328 514 1e-06
329 329 1
329 331 1e-06
329 411 1e-06
329 423 1e-06
329 479 1e-06
329 482 1e-06
329 471 1e-06
329 474 1e-06
330 330 1
330 332 1e-06
330 17 1e-06
330 423 1e-06
330 467 1e-06
330 470 1e-06
330 475 1e-06
330 478 1e-06
331 331 1
331 329 1e-06
331 423 1e-06
331 422 1e-06
331 560 1e-06
332 332 1
332 330 1e-06
332 423 1e-06
332 422 1e-06
332 561 1e-06
333 333 1
333 335 1e-06
333 423 1e-06
333 349 1e-06
333 279 1e-06
333 277 1e-06
333 347 1e-06
333 371 1e-06
333 274 1e-06
334 334 1
334 207 1e-06
334 423 1e-06
334 504 1e-06
334 422 1e-06
334 513 1e-06
334 505 1e-06
334 506 1e-06
334 514 1e-06
334 507 1e-06
335 335 1
335 333 1e-06
335 423 1e-06
335 422 1e-06
335 596 1e-06
336 336 1
336 337 1e-06
336 423 1e-06
336 349 1e-06
336 278 1e-06
336 276 1e-06
336 347 1e-06
336 368 1e-06
336 273 1e-06
337 337 1
337 336 1e-06
337 423 1e-06
337 422 1e-06
337 595 1e-06
338 338 1
338 339 1e-06
338 423 1e-06
338 356 1e-06
338 375 1e-06
338 294 1e-06
338 355 1e-06
338 292 1e-06
338 290 1e-06
339 339 1
339 338 1e-06
339 423 1e-06
339 422 1e-06
339 876 1e-06
340 340 1
340 341 1e-06
340 423 1e-06
340 356 1e-06
340 373 1e-06
340 293 1e-06
340 355 1e-06
340 291 1e-06
340 289 1e-06
341 341 1
341 340 1e-06
341 423 1e-06
341 422 1e-06
341 875 1e-06
342 342 1
342 343 1e-06
342 423 1e-06
342 422 1e-06
342 267 1e-06
342 268 1e-06
343 343 1
343 342 1e-06
343 347 1e-06
343 423 1e-06
343 422 1e-06
343 472 1e-06
344 344 1
344 345 1e-06
344 423 1e-06
344 422 1e-06
344 271 1e-06
344 272 1e-06
345 345 1
345 344 1e-06
345 349 1e-06
345 423 1e-06
345 422 1e-06
345 476 1e-06
346 346 1
346 118 1e-06
346 423 1e-06
346 422 1e-06
346 97 1e-06
346 256 1e-06
346 94 1e-06
346 98 1e-06
346 95 1e-06
347 347 1
347 343 1e-06
347 351 1e-06
347 423 1e-06
347 336 1e-06
347 368 1e-06
347 333 1e-06
347 371 1e-06
348 348 1
348 120 1e-06
348 423 1e-06
348 422 1e-06
348 97 1e-06
348 257 1e-06
348 94 1e-06
348 99 1e-06
348 95 1e-06
349 349 1
349 345 1e-06
349 353 1e-06
349 423 1e-06
349 336 1e-06
349 278 1e-06
349 333 1e-06
349 279 1e-06
350 350 1
350 122 1e-06
350 423 1e-06
350 422 1e-06
350 107 1e-06
350 108 1e-06
350 260 1e-06
350 104 1e-06
350 105 1e-06
351 351 1
351 347 1e-06
351 355 1e-06
351 423 1e-06
351 422 1e-06
351 282 1e-06
351 283 1e-06
352 352 1
352 124 1e-06
352 423 1e-06
352 422 1e-06
352 107 1e-06
352 109 1e-06
352 261 1e-06
352 104 1e-06
352 105 1e-06
353 353 1
353 349 1e-06
353 356 1e-06
353 423 1e-06
353 422 1e-06
353 287 1e-06
353 288 1e-06
354 354 1
354 357 1e-06
354 360 1e-06
354 31 1e-06
354 32 1e-06
354 209 1e-06
354 206 1e-06
354 423 1e-06
355 355 1
355 351 1e-06
355 423 1e-06
355 340 1e-06
355 291 1e-06
355 338 1e-06
355 292 1e-06
356 356 1
356 353 1e-06
356 423 1e-06
356 340 1e-06
356 373 1e-06
356 338 1e-06
356 375 1e-06
357 357 1
357 354 1e-06
357 423 1e-06
357 453 1e-06
357 454 1e-06
357 422 1e-06
358 358 1
358 359 1e-06
358 423 1e-06
358 451 1e-06
358 452 1e-06
359 359 1
359 358 1e-06
359 381 1e-06
359 423 1e-06
360 360 1
360 354 1e-06
360 364 1e-06
360 423 1e-06
360 457 1e-06
360 458 1e-06
360 422 1e-06
361 361 1
361 363 1e-06
361 386 1e-06
361 423 1e-06
362 362 1
362 369 1e-06
362 209 1e-06
362 423 1e-06
362 586 1e-06
362 422 1e-06
362 595 1e-06
362 587 1e-06
362 588 1e-06
362 596 1e-06
362 589 1e-06
363 363 1
363 361 1e-06
363 365 1e-06
363 423 1e-06
363 455 1e-06
363 456 1e-06
364 364 1
364 360 1e-06
364 366 1e-06
364 423 1e-06
364 461 1e-06
364 462 1e-06
364 422 1e-06
365 365 1
365 363 1e-06
365 367 1e-06
365 423 1e-06
365 459 1e-06
365 460 1e-06
366 366 1
366 364 1e-06
366 423 1e-06
366 465 1e-06
366 466 1e-06
366 422 1e-06
367 367 1
367 365 1e-06
367 423 1e-06
367 463 1e-06
367 464 1e-06
368 368 1
368 370 1e-06
368 423 1e-06
368 347 1e-06
368 336 1e-06
369 369 1
369 362 1e-06
369 380 1e-06
369 423 1e-06
369 689 1e-06
369 422 1e-06
369 698 1e-06
369 690 1e-06
369 691 1e-06
369 699 1e-06
369 692 1e-06
370 370 1
370 368 1e-06
370 387 1e-06
370 423 1e-06
371 371 1
371 372 1e-06
371 423 1e-06
371 347 1e-06
371 333 1e-06
372 372 1
372 371 1e-06
372 388 1e-06
372 423 1e-06
373 373 1
373 374 1e-06
373 423 1e-06
373 356 1e-06
373 340 1e-06
374 374 1
374 373 1e-06
374 389 1e-06
374 423 1e-06
374 422 1e-06
374 376 1e-06
374 463 1e-06
374 465 1e-06
375 375 1
375 376 1e-06
375 423 1e-06
375 356 1e-06
375 338 1e-06
376 376 1
376 375 1e-06
376 391 1e-06
376 423 1e-06
376 422 1e-06
376 374 1e-06
376 463 1e-06
376 465 1e-06
377 377 1
377 382 1e-06
377 423 1e-06
377 481 1e-06
377 422 1e-06
377 480 1e-06
377 473 1e-06
377 472 1e-06
377 469 1e-06
377 468 1e-06
377 477 1e-06
377 476 1e-06
378 378 1
378 383 1e-06
378 423 1e-06
378 482 1e-06
378 422 1e-06
378 479 1e-06
378 470 1e-06
378 467 1e-06
379 379 1
379 384 1e-06
379 423 1e-06
379 474 1e-06
379 422 1e-06
379 471 1e-06
379 478 1e-06
379 475 1e-06
380 380 1
380 369 1e-06
380 423 1e-06
380 866 1e-06
380 422 1e-06
380 875 1e-06
380 867 1e-06
380 868 1e-06
380 876 1e-06
380 869 1e-06
381 381 1
381 359 1e-06
381 407 1e-06
381 423 1e-06
382 382 1
382 377 1e-06
382 408 1e-06
382 423 1e-06
383 383 1
383 378 1e-06
383 409 1e-06
383 423 1e-06
383 404 1e-06
383 422 1e-06
383 400 1e-06
384 384 1
384 379 1e-06
384 22 1e-06
384 423 1e-06
384 422 1e-06
385 385 1
385 210 1e-06
385 23 1e-06
385 423 1e-06
386 386 1
386 361 1e-06
386 24 1e-06
386 423 1e-06
387 387 1
387 370 1e-06
387 25 1e-06
387 423 1e-06
387 397 1e-06
387 485 1e-06
388 388 1
388 372 1e-06
388 26 1e-06
388 423 1e-06
388 397 1e-06
388 486 1e-06
389 389 1
389 374 1e-06
389 27 1e-06
389 423 1e-06
389 399 1e-06
389 489 1e-06
390 390 1
390 401 1e-06
390 423 1e-06
390 422 1e-06
390 879 1e-06
391 391 1
391 376 1e-06
391 28 1e-06
391 423 1e-06
391 399 1e-06
391 490 1e-06
392 392 1
392 393 1e-06
392 423 1e-06
392 483 1e-06
392 422 1e-06
392 484 1e-06
393 393 1
393 392 1e-06
393 394 1e-06
393 423 1e-06
393 422 1e-06
393 530 1e-06
394 394 1
394 393 1e-06
394 395 1e-06
394 423 1e-06
395 395 1
395 394 1e-06
395 396 1e-06
395 423 1e-06
396 396 1
396 395 1e-06
396 397 1e-06
396 423 1e-06
397 397 1
397 396 1e-06
397 398 1e-06
397 423 1e-06
397 485 1e-06
397 387 1e-06
397 486 1e-06
397 388 1e-06
398 398 1
398 397 1e-06
398 399 1e-06
398 423 1e-06
398 487 1e-06
398 422 1e-06
398 488 1e-06
399 399 1
399 398 1e-06
399 423 1e-06
399 489 1e-06
399 389 1e-06
399 490 1e-06
399 391 1e-06
400 400 1
400 402 1e-06
400 423 1e-06
400 422 1e-06
400 383 1e-06
400 530 1e-06
400 531 1e-06
401 401 1
401 390 1e-06
401 423 1e-06
402 402 1
402 400 1e-06
402 403 1e-06
402 423 1e-06
402 405 1e-06
403 403 1
403 402 1e-06
403 423 1e-06
403 59 1e-06
403 406 1e-06
404 404 1
404 405 1e-06
404 423 1e-06
404 383 1e-06
405 405 1
405 404 1e-06
405 406 1e-06
405 423 1e-06
405 402 1e-06
406 406 1
406 405 1e-06
406 423 1e-06
406 59 1e-06
406 403 1e-06
407 407 1
407 381 1e-06
407 34 1e-06
407 423 1e-06
408 408 1
408 382 1e-06
408 35 1e-06
408 423 1e-06
409 409 1
409 383 1e-06
409 36 1e-06
409 423 1e-06
409 422 1e-06
410 410 1
410 57 1e-06
410 37 1e-06
410 423 1e-06
410 533 1e-06
410 422 1e-06
410 532 1e-06
411 411 1
411 329 1e-06
411 78 1e-06
411 423 1e-06
412 412 1
412 188 1e-06
412 423 1e-06
413 413 1
413 189 1e-06
413 423 1e-06
414 414 1
414 194 1e-06
414 423 1e-06
415 415 1
415 195 1e-06
415 423 1e-06
416 416 1
417 417 1
417 4 1e-06
417 152 1e-06
417 185 1e-06
417 190 1e-06
417 423 1e-06
417 449 1e-06
417 422 1e-06
417 516 1e-06
417 563 1e-06
417 598 1e-06
417 701 1e-06
417 878 1e-06
417 907 1e-06
417 166 1e-06
417 175 1e-06
417 783 1e-06
417 192 1e-06
417 852 1e-06
418 418 1
419 419 1
419 418 1e-06
419 423 1e-06
419 432 1e-06
419 422 1e-06
419 430 1e-06
419 429 1e-06
419 450 1e-06
419 435 1e-06
419 499 1e-06
419 497 1e-06
419 496 1e-06
419 517 1e-06
419 502 1e-06
419 546 1e-06
419 544 1e-06
419 543 1e-06
419 564 1e-06
419 549 1e-06
419 581 1e-06
419 579 1e-06
419 578 1e-06
419 599 1e-06
419 584 1e-06
419 684 1e-06
419 682 1e-06
419 681 1e-06
419 702 1e-06
419 687 1e-06
419 861 1e-06
419 859 1e-06
419 858 1e-06
419 880 1e-06
419 864 1e-06
419 890 1e-06
419 888 1e-06
419 887 1e-06
419 908 1e-06
419 893 1e-06
419 824 1e-06
419 803 1e-06
419 805 1e-06
419 819 1e-06
419 814 1e-06
419 850 1e-06
419 829 1e-06
419 831 1e-06
419 845 1e-06
419 840 1e-06
419 785 1e-06
419 763 1e-06
419 760 1e-06
419 758 1e-06
419 757 1e-06
420 420 1
421 421 1
421 420 1e-06
421 423 1e-06
421 772 1e-06
421 422 1e-06
421 784 1e-06
421 771 1e-06
421 142 1e-06
421 628 1e-06
421 629 1e-06
421 638 1e-06
421 640 1e-06
421 643 1e-06
421 645 1e-06
421 651 1e-06
421 642 1e-06
421 650 1e-06
421 644 1e-06
421 652 1e-06
421 653 1e-06
421 662 1e-06
421 664 1e-06
421 667 1e-06
421 669 1e-06
421 675 1e-06
421 666 1e-06
421 674 1e-06
421 668 1e-06
421 703 1e-06
421 704 1e-06
421 713 1e-06
421 715 1e-06
421 718 1e-06
421 720 1e-06
421 726 1e-06
421 717 1e-06
421 725 1e-06
421 719 1e-06
421 727 1e-06
421 728 1e-06
421 737 1e-06
421 739 1e-06
421 742 1e-06
421 744 1e-06
421 750 1e-06
421 741 1e-06
421 749 1e-06
421 743 1e-06
422 422 1
422 322 1e-06
423 423 1
424 424 1
424 423 1e-06
424 422 1e-06
424 425 1e-06
424 8 1e-06
424 431 1e-06
424 428 1e-06
424 426 1e-06
424 442 1e-06
424 432 1e-06
424 450 1e-06
424 430 1e-06
425 425 1
425 423 1e-06
425 422 1e-06
425 424 1e-06
425 433 1e-06
425 427 1e-06
425 443 1e-06
426 426 1
426 423 1e-06
426 422 1e-06
426 424 1e-06
426 442 1e-06
426 449 1e-06
426 428 1e-06
426 427 1e-06
426 443 1e-06
426 436 1e-06
426 444 1e-06
427 427 1
427 423 1e-06
427 422 1e-06
427 426 1e-06
427 442 1e-06
427 425 1e-06
427 443 1e-06
427 449 1e-06
427 433 1e-06
427 441 1e-06
427 445 1e-06
427 286 1e-06
428 428 1
428 423 1e-06
428 424 1e-06
428 449 1e-06
428 426 1e-06
429 429 1
429 423 1e-06
429 422 1e-06
429 8 1e-06
429 430 1e-06
429 419 1e-06
430 430 1
430 423 1e-06
430 422 1e-06
430 429 1e-06
430 419 1e-06
430 450 1e-06
430 424 1e-06
431 431 1
431 423 1e-06
431 422 1e-06
431 8 1e-06
431 424 1e-06
432 432 1
432 423 1e-06
432 422 1e-06
432 424 1e-06
432 419 1e-06
433 433 1
433 423 1e-06
433 425 1e-06
433 449 1e-06
433 427 1e-06
434 434 1
434 422 1e-06
434 8 1e-06
434 435 1e-06
434 448 1e-06
435 435 1
435 422 1e-06
435 419 1e-06
435 450 1e-06
435 8 1e-06
435 434 1e-06
436 436 1
436 423 1e-06
436 426 1e-06
436 449 1e-06
436 286 1e-06
436 448 1e-06
437 437 1
437 423 1e-06
437 323 1e-06
437 286 1e-06
437 446 1e-06
438 438 1
438 423 1e-06
438 422 1e-06
438 323 1e-06
438 446 1e-06
438 286 1e-06
438 447 1e-06
439 439 1
439 423 1e-06
439 448 1e-06
439 447 1e-06
439 323 1e-06
440 440 1
440 423 1e-06
440 422 1e-06
440 446 1e-06
440 448 1e-06
440 447 1e-06
440 323 1e-06
441 441 1
441 423 1e-06
441 448 1e-06
441 286 1e-06
441 427 1e-06
441 449 1e-06
442 442 1
442 423 1e-06
442 422 1e-06
442 424 1e-06
442 426 1e-06
442 449 1e-06
442 427 1e-06
443 443 1
443 423 1e-06
443 422 1e-06
443 425 1e-06
443 427 1e-06
443 449 1e-06
443 426 1e-06
444 444 1
444 422 1e-06
444 426 1e-06
444 449 1e-06
444 448 1e-06
445 445 1
445 422 1e-06
445 427 1e-06
445 286 1e-06
445 449 1e-06
446 446 1
446 423 1e-06
446 422 1e-06
446 323 1e-06
446 438 1e-06
446 286 1e-06
446 437 1e-06
446 447 1e-06
446 440 1e-06
446 264 1e-06
447 447 1
447 423 1e-06
447 422 1e-06
447 446 1e-06
447 438 1e-06
447 448 1e-06
447 439 1e-06
447 440 1e-06
447 323 1e-06
447 275 1e-06
448 448 1
448 423 1e-06
448 422 1e-06
448 450 1e-06
448 434 1e-06
448 449 1e-06
448 444 1e-06
448 286 1e-06
448 436 1e-06
448 441 1e-06
448 439 1e-06
448 447 1e-06
448 440 1e-06
449 449 1
449 423 1e-06
449 422 1e-06
449 417 1e-06
449 426 1e-06
449 428 1e-06
449 442 1e-06
449 427 1e-06
449 433 1e-06
449 443 1e-06
449 436 1e-06
449 448 1e-06
449 444 1e-06
449 441 1e-06
449 445 1e-06
450 450 1
450 423 1e-06
450 422 1e-06
450 424 1e-06
450 430 1e-06
450 419 1e-06
450 435 1e-06
450 8 1e-06
450 448 1e-06
451 451 1
451 423 1e-06
451 422 1e-06
451 358 1e-06
451 453 1e-06
452 452 1
452 423 1e-06
452 422 1e-06
452 358 1e-06
452 454 1e-06
453 453 1
453 423 1e-06
453 422 1e-06
453 357 1e-06
453 451 1e-06
454 454 1
454 423 1e-06
454 422 1e-06
454 357 1e-06
454 452 1e-06
455 455 1
455 423 1e-06
455 422 1e-06
455 363 1e-06
455 457 1e-06
456 456 1
456 423 1e-06
456 422 1e-06
456 363 1e-06
456 458 1e-06
457 457 1
457 423 1e-06
457 422 1e-06
457 360 1e-06
457 455 1e-06
458 458 1
458 423 1e-06
458 422 1e-06
458 360 1e-06
458 456 1e-06
459 459 1
459 423 1e-06
459 422 1e-06
459 365 1e-06
459 461 1e-06
459 258 1e-06
459 259 1e-06
460 460 1
460 423 1e-06
460 422 1e-06
460 365 1e-06
460 462 1e-06
460 259 1e-06
460 258 1e-06
461 461 1
461 423 1e-06
461 422 1e-06
461 364 1e-06
461 459 1e-06
461 259 1e-06
461 258 1e-06
462 462 1
462 423 1e-06
462 422 1e-06
462 364 1e-06
462 460 1e-06
462 258 1e-06
462 259 1e-06
463 463 1
463 423 1e-06
463 422 1e-06
463 367 1e-06
463 465 1e-06
463 374 1e-06
463 376 1e-06
464 464 1
464 423 1e-06
464 422 1e-06
464 367 1e-06
464 466 1e-06
465 465 1
465 423 1e-06
465 422 1e-06
465 366 1e-06
465 463 1e-06
465 376 1e-06
465 374 1e-06
466 466 1
466 423 1e-06
466 422 1e-06
466 366 1e-06
466 464 1e-06
467 467 1
467 423 1e-06
467 422 1e-06
467 248 1e-06
467 470 1e-06
467 330 1e-06
467 378 1e-06
467 468 1e-06
467 469 1e-06
468 468 1
468 423 1e-06
468 422 1e-06
468 296 1e-06
468 377 1e-06
468 467 1e-06
468 469 1e-06
469 469 1
469 423 1e-06
469 377 1e-06
469 467 1e-06
469 468 1e-06
470 470 1
470 423 1e-06
470 248 1e-06
470 467 1e-06
470 330 1e-06
470 378 1e-06
471 471 1
471 423 1e-06
471 422 1e-06
471 472 1e-06
471 473 1e-06
471 379 1e-06
471 249 1e-06
471 474 1e-06
471 329 1e-06
472 472 1
472 423 1e-06
472 422 1e-06
472 471 1e-06
472 473 1e-06
472 377 1e-06
472 343 1e-06
473 473 1
473 423 1e-06
473 471 1e-06
473 472 1e-06
473 377 1e-06
474 474 1
474 423 1e-06
474 379 1e-06
474 249 1e-06
474 471 1e-06
474 329 1e-06
475 475 1
475 423 1e-06
475 422 1e-06
475 476 1e-06
475 477 1e-06
475 379 1e-06
475 330 1e-06
475 478 1e-06
475 249 1e-06
476 476 1
476 423 1e-06
476 422 1e-06
476 475 1e-06
476 477 1e-06
476 377 1e-06
476 345 1e-06
477 477 1
477 423 1e-06
477 475 1e-06
477 476 1e-06
477 377 1e-06
478 478 1
478 423 1e-06
478 379 1e-06
478 330 1e-06
478 475 1e-06
478 249 1e-06
479 479 1
479 423 1e-06
479 422 1e-06
479 329 1e-06
479 482 1e-06
479 248 1e-06
479 378 1e-06
479 480 1e-06
479 481 1e-06
480 480 1
480 423 1e-06
480 422 1e-06
480 295 1e-06
480 377 1e-06
480 479 1e-06
480 481 1e-06
481 481 1
481 423 1e-06
481 377 1e-06
481 479 1e-06
481 480 1e-06
482 482 1
482 423 1e-06
482 329 1e-06
482 479 1e-06
482 248 1e-06
482 378 1e-06
483 483 1
483 423 1e-06
483 422 1e-06
483 484 1e-06
483 392 1e-06
484 484 1
484 423 1e-06
484 422 1e-06
484 483 1e-06
484 392 1e-06
485 485 1
485 423 1e-06
485 422 1e-06
485 486 1e-06
485 397 1e-06
485 387 1e-06
486 486 1
486 423 1e-06
486 422 1e-06
486 485 1e-06
486 397 1e-06
486 388 1e-06
487 487 1
487 423 1e-06
487 422 1e-06
487 488 1e-06
487 398 1e-06
488 488 1
488 423 1e-06
488 422 1e-06
488 487 1e-06
488 398 1e-06
489 489 1
489 423 1e-06
489 422 1e-06
489 490 1e-06
489 399 1e-06
489 389 1e-06
490 490 1
490 423 1e-06
490 422 1e-06
490 489 1e-06
490 399 1e-06
490 391 1e-06
491 491 1
491 423 1e-06
491 422 1e-06
491 492 1e-06
491 8 1e-06
491 498 1e-06
491 495 1e-06
491 493 1e-06
491 509 1e-06
491 499 1e-06
491 517 1e-06
491 497 1e-06
492 492 1
492 423 1e-06
492 422 1e-06
492 491 1e-06
492 500 1e-06
492 494 1e-06
492 510 1e-06
493 493 1
493 423 1e-06
493 422 1e-06
493 491 1e-06
493 509 1e-06
493 516 1e-06
493 495 1e-06
493 494 1e-06
493 510 1e-06
493 503 1e-06
493 511 1e-06
494 494 1
494 423 1e-06
494 422 1e-06
494 493 1e-06
494 509 1e-06
494 492 1e-06
494 510 1e-06
494 516 1e-06
494 500 1e-06
494 508 1e-06
494 512 1e-06
494 297 1e-06
495 495 1
495 423 1e-06
495 491 1e-06
495 516 1e-06
495 493 1e-06
496 496 1
496 423 1e-06
496 422 1e-06
496 8 1e-06
496 497 1e-06
496 419 1e-06
497 497 1
497 423 1e-06
497 422 1e-06
497 496 1e-06
497 419 1e-06
497 517 1e-06
497 491 1e-06
498 498 1
498 423 1e-06
498 422 1e-06
498 8 1e-06
498 491 1e-06
499 499 1
499 423 1e-06
499 422 1e-06
499 491 1e-06
499 419 1e-06
500 500 1
500 423 1e-06
500 492 1e-06
500 516 1e-06
500 494 1e-06
501 501 1
501 422 1e-06
501 8 1e-06
501 502 1e-06
501 515 1e-06
502 502 1
502 422 1e-06
502 419 1e-06
502 517 1e-06
502 8 1e-06
502 501 1e-06
503 503 1
503 423 1e-06
503 493 1e-06
503 516 1e-06
503 297 1e-06
503 515 1e-06
504 504 1
504 423 1e-06
504 334 1e-06
504 297 1e-06
504 513 1e-06
505 505 1
505 423 1e-06
505 422 1e-06
505 334 1e-06
505 513 1e-06
505 297 1e-06
505 514 1e-06
506 506 1
506 423 1e-06
506 515 1e-06
506 514 1e-06
506 334 1e-06
507 507 1
507 423 1e-06
507 422 1e-06
507 513 1e-06
507 515 1e-06
507 514 1e-06
507 334 1e-06
508 508 1
508 423 1e-06
508 515 1e-06
508 297 1e-06
508 494 1e-06
508 516 1e-06
509 509 1
509 423 1e-06
509 422 1e-06
509 491 1e-06
509 493 1e-06
509 516 1e-06
509 494 1e-06
510 510 1
510 423 1e-06
510 422 1e-06
510 492 1e-06
510 494 1e-06
510 516 1e-06
510 493 1e-06
511 511 1
511 422 1e-06
511 493 1e-06
511 516 1e-06
511 515 1e-06
512 512 1
512 422 1e-06
512 494 1e-06
512 297 1e-06
512 516 1e-06
513 513 1
513 423 1e-06
513 422 1e-06
513 334 1e-06
513 505 1e-06
513 297 1e-06
513 504 1e-06
513 514 1e-06
513 507 1e-06
513 327 1e-06
514 514 1
514 423 1e-06
514 422 1e-06
514 513 1e-06
514 505 1e-06
514 515 1e-06
514 506 1e-06
514 507 1e-06
514 334 1e-06
514 328 1e-06
515 515 1
515 423 1e-06
515 422 1e-06
515 517 1e-06
515 501 1e-06
515 516 1e-06
515 511 1e-06
515 297 1e-06
515 503 1e-06
515 508 1e-06
515 506 1e-06
515 514 1e-06
515 507 1e-06
516 516 1
516 423 1e-06
516 422 1e-06
516 417 1e-06
516 493 1e-06
516 495 1e-06
516 509 1e-06
516 494 1e-06
516 500 1e-06
516 510 1e-06
516 503 1e-06
516 515 1e-06
516 511 1e-06
516 508 1e-06
516 512 1e-06
517 517 1
517 423 1e-06
517 422 1e-06
517 491 1e-06
517 497 1e-06
517 419 1e-06
517 502 1e-06
517 8 1e-06
517 515 1e-06
518 518 1
518 423 1e-06
518 422 1e-06
518 519 1e-06
518 25 1e-06
519 519 1
519 423 1e-06
519 422 1e-06
519 518 1e-06
519 26 1e-06
520 520 1
520 423 1e-06
520 422 1e-06
520 521 1e-06
520 27 1e-06
521 521 1
521 423 1e-06
521 422 1e-06
521 520 1e-06
521 28 1e-06
522 522 1
522 423 1e-06
522 422 1e-06
522 523 1e-06
522 49 1e-06
523 523 1
523 423 1e-06
523 422 1e-06
523 522 1e-06
523 49 1e-06
524 524 1
524 423 1e-06
524 422 1e-06
524 525 1e-06
524 54 1e-06
524 45 1e-06
525 525 1
525 423 1e-06
525 422 1e-06
525 524 1e-06
525 54 1e-06
525 46 1e-06
526 526 1
526 423 1e-06
526 422 1e-06
526 527 1e-06
526 55 1e-06
527 527 1
527 423 1e-06
527 422 1e-06
527 526 1e-06
527 55 1e-06
528 528 1
528 423 1e-06
528 422 1e-06
528 529 1e-06
528 56 1e-06
528 47 1e-06
529 529 1
529 423 1e-06
529 422 1e-06
529 528 1e-06
529 56 1e-06
529 48 1e-06
530 530 1
530 423 1e-06
530 422 1e-06
530 393 1e-06
530 57 1e-06
530 400 1e-06
530 531 1e-06
531 531 1
531 423 1e-06
531 57 1e-06
531 400 1e-06
531 530 1e-06
532 532 1
532 423 1e-06
532 422 1e-06
532 298 1e-06
532 410 1e-06
532 533 1e-06
533 533 1
533 423 1e-06
533 410 1e-06
533 422 1e-06
533 532 1e-06
534 534 1
534 423 1e-06
534 422 1e-06
534 50 1e-06
534 37 1e-06
534 61 1e-06
534 535 1e-06
535 535 1
535 423 1e-06
535 37 1e-06
535 61 1e-06
535 534 1e-06
536 536 1
536 423 1e-06
536 422 1e-06
536 537 1e-06
536 58 1e-06
536 299 1e-06
537 537 1
537 423 1e-06
537 422 1e-06
537 536 1e-06
537 58 1e-06
538 538 1
538 423 1e-06
538 422 1e-06
538 539 1e-06
538 8 1e-06
538 545 1e-06
538 542 1e-06
538 540 1e-06
538 556 1e-06
538 546 1e-06
538 564 1e-06
538 544 1e-06
539 539 1
539 423 1e-06
539 422 1e-06
539 538 1e-06
539 547 1e-06
539 541 1e-06
539 557 1e-06
540 540 1
540 423 1e-06
540 422 1e-06
540 538 1e-06
540 556 1e-06
540 563 1e-06
540 542 1e-06
540 541 1e-06
540 557 1e-06
540 550 1e-06
540 558 1e-06
541 541 1
541 423 1e-06
541 422 1e-06
541 540 1e-06
541 556 1e-06
541 539 1e-06
541 557 1e-06
541 563 1e-06
541 547 1e-06
541 555 1e-06
541 559 1e-06
541 308 1e-06
542 542 1
542 423 1e-06
542 538 1e-06
542 563 1e-06
542 540 1e-06
543 543 1
543 423 1e-06
543 422 1e-06
543 324 1e-06
543 8 1e-06
543 544 1e-06
543 419 1e-06
544 544 1
544 423 1e-06
544 422 1e-06
544 543 1e-06
544 419 1e-06
544 564 1e-06
544 538 1e-06
545 545 1
545 423 1e-06
545 324 1e-06
545 8 1e-06
545 538 1e-06
546 546 1
546 423 1e-06
546 422 1e-06
546 538 1e-06
546 419 1e-06
547 547 1
547 423 1e-06
547 539 1e-06
547 563 1e-06
547 541 1e-06
548 548 1
548 422 1e-06
548 8 1e-06
548 549 1e-06
548 562 1e-06
549 549 1
549 422 1e-06
549 419 1e-06
549 564 1e-06
549 8 1e-06
549 548 1e-06
550 550 1
550 423 1e-06
550 540 1e-06
550 563 1e-06
550 308 1e-06
550 562 1e-06
551 551 1
551 423 1e-06
551 207 1e-06
551 308 1e-06
551 560 1e-06
552 552 1
552 423 1e-06
552 422 1e-06
552 207 1e-06
552 560 1e-06
552 308 1e-06
552 561 1e-06
553 553 1
553 423 1e-06
553 562 1e-06
553 561 1e-06
553 207 1e-06
554 554 1
554 423 1e-06
554 422 1e-06
554 560 1e-06
554 562 1e-06
554 561 1e-06
554 207 1e-06
555 555 1
555 423 1e-06
555 562 1e-06
555 308 1e-06
555 541 1e-06
555 563 1e-06
556 556 1
556 423 1e-06
556 422 1e-06
556 538 1e-06
556 540 1e-06
556 563 1e-06
556 541 1e-06
557 557 1
557 423 1e-06
557 422 1e-06
557 539 1e-06
557 541 1e-06
557 563 1e-06
557 540 1e-06
558 558 1
558 422 1e-06
558 540 1e-06
558 563 1e-06
558 562 1e-06
559 559 1
559 422 1e-06
559 541 1e-06
559 308 1e-06
559 563 1e-06
560 560 1
560 423 1e-06
560 422 1e-06
560 207 1e-06
560 552 1e-06
560 308 1e-06
560 551 1e-06
560 561 1e-06
560 554 1e-06
560 331 1e-06
561 561 1
561 423 1e-06
561 422 1e-06
561 560 1e-06
561 552 1e-06
561 562 1e-06
561 553 1e-06
561 554 1e-06
561 207 1e-06
561 332 1e-06
562 562 1
562 423 1e-06
562 422 1e-06
562 564 1e-06
562 548 1e-06
562 563 1e-06
562 558 1e-06
562 308 1e-06
562 550 1e-06
562 555 1e-06
562 553 1e-06
562 561 1e-06
562 554 1e-06
563 563 1
563 423 1e-06
563 422 1e-06
563 417 1e-06
563 540 1e-06
563 542 1e-06
563 556 1e-06
563 541 1e-06
563 547 1e-06
563 557 1e-06
563 550 1e-06
563 562 1e-06
563 558 1e-06
563 555 1e-06
563 559 1e-06
564 564 1
564 423 1e-06
564 422 1e-06
564 538 1e-06
564 544 1e-06
564 419 1e-06
564 549 1e-06
564 8 1e-06
564 562 1e-06
565 565 1
565 423 1e-06
565 422 1e-06
565 566 1e-06
565 21 1e-06
565 300 1e-06
566 566 1
566 423 1e-06
566 422 1e-06
566 565 1e-06
566 21 1e-06
567 567 1
567 423 1e-06
567 422 1e-06
567 568 1e-06
567 41 1e-06
567 301 1e-06
568 568 1
568 423 1e-06
568 422 1e-06
568 567 1e-06
568 41 1e-06
569 569 1
569 423 1e-06
569 422 1e-06
569 67 1e-06
569 571 1e-06
570 570 1
570 423 1e-06
570 422 1e-06
570 67 1e-06
570 572 1e-06
571 571 1
571 423 1e-06
571 422 1e-06
571 68 1e-06
571 569 1e-06
572 572 1
572 423 1e-06
572 422 1e-06
572 68 1e-06
572 570 1e-06
573 573 1
573 423 1e-06
573 422 1e-06
573 574 1e-06
573 8 1e-06
573 580 1e-06
573 577 1e-06
573 575 1e-06
573 591 1e-06
573 581 1e-06
573 599 1e-06
573 579 1e-06
574 574 1
574 423 1e-06
574 422 1e-06
574 573 1e-06
574 582 1e-06
574 576 1e-06
574 592 1e-06
575 575 1
575 423 1e-06
575 422 1e-06
575 573 1e-06
575 591 1e-06
575 598 1e-06
575 577 1e-06
575 576 1e-06
575 592 1e-06
575 585 1e-06
575 593 1e-06
576 576 1
576 423 1e-06
576 422 1e-06
576 575 1e-06
576 591 1e-06
576 574 1e-06
576 592 1e-06
576 598 1e-06
576 582 1e-06
576 590 1e-06
576 594 1e-06
576 318 1e-06
577 577 1
577 423 1e-06
577 573 1e-06
577 598 1e-06
577 575 1e-06
578 578 1
578 423 1e-06
578 422 1e-06
578 325 1e-06
578 8 1e-06
578 579 1e-06
578 419 1e-06
579 579 1
579 423 1e-06
579 422 1e-06
579 578 1e-06
579 419 1e-06
579 599 1e-06
579 573 1e-06
580 580 1
580 423 1e-06
580 325 1e-06
580 8 1e-06
580 573 1e-06
581 581 1
581 423 1e-06
581 422 1e-06
581 573 1e-06
581 419 1e-06
582 582 1
582 423 1e-06
582 574 1e-06
582 598 1e-06
582 576 1e-06
583 583 1
583 422 1e-06
583 8 1e-06
583 584 1e-06
583 597 1e-06
584 584 1
584 422 1e-06
584 419 1e-06
584 599 1e-06
584 8 1e-06
584 583 1e-06
585 585 1
585 423 1e-06
585 575 1e-06
585 598 1e-06
585 318 1e-06
585 597 1e-06
586 586 1
586 423 1e-06
586 362 1e-06
586 318 1e-06
586 595 1e-06
587 587 1
587 423 1e-06
587 422 1e-06
587 362 1e-06
587 595 1e-06
587 318 1e-06
587 596 1e-06
588 588 1
588 423 1e-06
588 597 1e-06
588 596 1e-06
588 362 1e-06
589 589 1
589 423 1e-06
589 422 1e-06
589 595 1e-06
589 597 1e-06
589 596 1e-06
589 362 1e-06
590 590 1
590 423 1e-06
590 597 1e-06
590 318 1e-06
590 576 1e-06
590 598 1e-06
591 591 1
591 423 1e-06
591 422 1e-06
591 573 1e-06
591 575 1e-06
591 598 1e-06
591 576 1e-06
592 592 1
592 423 1e-06
592 422 1e-06
592 574 1e-06
592 576 1e-06
592 598 1e-06
592 575 1e-06
593 593 1
593 422 1e-06
593 575 1e-06
593 598 1e-06
593 597 1e-06
594 594 1
594 422 1e-06
594 576 1e-06
594 318 1e-06
594 598 1e-06
595 595 1
595 423 1e-06
595 422 1e-06
595 362 1e-06
595 587 1e-06
595 318 1e-06
595 586 1e-06
595 596 1e-06
595 589 1e-06
595 337 1e-06
596 596 1
596 423 1e-06
596 422 1e-06
596 595 1e-06
596 587 1e-06
596 597 1e-06
596 588 1e-06
596 589 1e-06
596 362 1e-06
596 335 1e-06
597 597 1
597 423 1e-06
597 422 1e-06
597 599 1e-06
597 583 1e-06
597 598 1e-06
597 593 1e-06
597 318 1e-06
597 585 1e-06
597 590 1e-06
597 588 1e-06
597 596 1e-06
597 589 1e-06
598 598 1
598 423 1e-06
598 422 1e-06
598 417 1e-06
598 575 1e-06
598 577 1e-06
598 591 1e-06
598 576 1e-06
598 582 1e-06
598 592 1e-06
598 585 1e-06
598 597 1e-06
598 593 1e-06
598 590 1e-06
598 594 1e-06
599 599 1
599 423 1e-06
599 422 1e-06
599 573 1e-06
599 579 1e-06
599 419 1e-06
599 584 1e-06
599 8 1e-06
599 597 1e-06
600 600 1
600 423 1e-06
600 422 1e-06
600 80 1e-06
600 602 1e-06
601 601 1
601 423 1e-06
601 422 1e-06
601 80 1e-06
601 603 1e-06
601 82 1e-06
601 83 1e-06
602 602 1
602 423 1e-06
602 422 1e-06
602 81 1e-06
602 600 1e-06
603 603 1
603 423 1e-06
603 422 1e-06
603 81 1e-06
603 601 1e-06
603 83 1e-06
603 82 1e-06
604 604 1
604 423 1e-06
604 422 1e-06
604 84 1e-06
604 606 1e-06
604 259 1e-06
604 258 1e-06
605 605 1
605 423 1e-06
605 422 1e-06
605 84 1e-06
605 607 1e-06
605 258 1e-06
605 259 1e-06
606 606 1
606 423 1e-06
606 422 1e-06
606 85 1e-06
606 604 1e-06
606 258 1e-06
606 259 1e-06
607 607 1
607 423 1e-06
607 422 1e-06
607 85 1e-06
607 605 1e-06
607 259 1e-06
607 258 1e-06
608 608 1
608 423 1e-06
608 422 1e-06
608 86 1e-06
608 610 1e-06
609 609 1
609 423 1e-06
609 422 1e-06
609 86 1e-06
609 611 1e-06
610 610 1
610 423 1e-06
610 422 1e-06
610 87 1e-06
610 608 1e-06
611 611 1
611 423 1e-06
611 422 1e-06
611 87 1e-06
611 609 1e-06
612 612 1
612 423 1e-06
612 422 1e-06
612 613 1e-06
612 614 1e-06
612 74 1e-06
612 615 1e-06
612 78 1e-06
613 613 1
613 423 1e-06
613 422 1e-06
613 612 1e-06
613 614 1e-06
613 70 1e-06
613 306 1e-06
614 614 1
614 423 1e-06
614 612 1e-06
614 613 1e-06
614 70 1e-06
615 615 1
615 423 1e-06
615 74 1e-06
615 422 1e-06
615 612 1e-06
615 78 1e-06
616 616 1
616 423 1e-06
616 422 1e-06
616 619 1e-06
616 79 1e-06
616 74 1e-06
616 617 1e-06
616 618 1e-06
617 617 1
617 423 1e-06
617 422 1e-06
617 75 1e-06
617 70 1e-06
617 616 1e-06
617 618 1e-06
618 618 1
618 423 1e-06
618 70 1e-06
618 616 1e-06
618 617 1e-06
619 619 1
619 423 1e-06
619 616 1e-06
619 79 1e-06
619 74 1e-06
620 620 1
620 423 1e-06
620 422 1e-06
620 623 1e-06
620 78 1e-06
620 74 1e-06
620 621 1e-06
620 622 1e-06
621 621 1
621 423 1e-06
621 422 1e-06
621 73 1e-06
621 70 1e-06
621 620 1e-06
621 622 1e-06
622 622 1
622 423 1e-06
622 70 1e-06
622 620 1e-06
622 621 1e-06
623 623 1
623 423 1e-06
623 620 1e-06
623 78 1e-06
623 74 1e-06
624 624 1
624 423 1e-06
624 422 1e-06
624 625 1e-06
624 626 1e-06
624 74 1e-06
624 627 1e-06
624 79 1e-06
625 625 1
625 423 1e-06
625 422 1e-06
625 624 1e-06
625 626 1e-06
625 70 1e-06
625 307 1e-06
626 626 1
626 423 1e-06
626 624 1e-06
626 625 1e-06
626 70 1e-06
627 627 1
627 423 1e-06
627 74 1e-06
627 422 1e-06
627 624 1e-06
627 79 1e-06
628 628 1
628 423 1e-06
628 422 1e-06
628 649 1e-06
628 421 1e-06
628 638 1e-06
628 651 1e-06
628 642 1e-06
629 629 1
629 423 1e-06
629 422 1e-06
629 647 1e-06
629 421 1e-06
629 640 1e-06
629 650 1e-06
629 644 1e-06
630 630 1
630 423 1e-06
630 647 1e-06
630 110 1e-06
631 631 1
631 422 1e-06
631 649 1e-06
631 646 1e-06
631 125 1e-06
631 635 1e-06
632 632 1
632 423 1e-06
632 648 1e-06
632 649 1e-06
632 646 1e-06
632 125 1e-06
632 126 1e-06
633 633 1
633 422 1e-06
633 125 1e-06
633 636 1e-06
633 647 1e-06
633 648 1e-06
634 634 1
634 423 1e-06
634 126 1e-06
634 648 1e-06
634 125 1e-06
634 647 1e-06
634 646 1e-06
635 635 1
635 422 1e-06
635 125 1e-06
635 631 1e-06
635 126 1e-06
636 636 1
636 422 1e-06
636 126 1e-06
636 125 1e-06
636 633 1e-06
637 637 1
637 423 1e-06
637 422 1e-06
637 649 1e-06
637 647 1e-06
637 110 1e-06
638 638 1
638 422 1e-06
638 649 1e-06
638 421 1e-06
638 628 1e-06
639 639 1
639 423 1e-06
639 110 1e-06
639 422 1e-06
639 649 1e-06
640 640 1
640 422 1e-06
640 647 1e-06
640 421 1e-06
640 629 1e-06
641 641 1
641 423 1e-06
641 422 1e-06
641 110 1e-06
641 649 1e-06
641 647 1e-06
642 642 1
642 423 1e-06
642 422 1e-06
642 628 1e-06
642 646 1e-06
642 651 1e-06
642 421 1e-06
643 643 1
643 423 1e-06
643 646 1e-06
643 651 1e-06
643 421 1e-06
644 644 1
644 423 1e-06
644 422 1e-06
644 629 1e-06
644 648 1e-06
644 650 1e-06
644 421 1e-06
645 645 1
645 423 1e-06
645 648 1e-06
645 650 1e-06
645 421 1e-06
646 646 1
646 423 1e-06
646 422 1e-06
646 634 1e-06
646 648 1e-06
646 649 1e-06
646 632 1e-06
646 631 1e-06
646 125 1e-06
646 126 1e-06
646 643 1e-06
646 651 1e-06
646 642 1e-06
647 647 1
647 423 1e-06
647 422 1e-06
647 648 1e-06
647 634 1e-06
647 633 1e-06
647 649 1e-06
647 641 1e-06
647 630 1e-06
647 637 1e-06
647 110 1e-06
647 629 1e-06
647 640 1e-06
648 648 1
648 423 1e-06
648 422 1e-06
648 126 1e-06
648 634 1e-06
648 125 1e-06
648 647 1e-06
648 633 1e-06
648 646 1e-06
648 632 1e-06
648 645 1e-06
648 650 1e-06
648 644 1e-06
649 649 1
649 423 1e-06
649 422 1e-06
649 110 1e-06
649 641 1e-06
649 639 1e-06
649 647 1e-06
649 637 1e-06
649 646 1e-06
649 632 1e-06
649 631 1e-06
649 628 1e-06
649 638 1e-06
650 650 1
650 423 1e-06
650 422 1e-06
650 629 1e-06
650 648 1e-06
650 645 1e-06
650 644 1e-06
650 421 1e-06
650 310 1e-06
651 651 1
651 423 1e-06
651 422 1e-06
651 628 1e-06
651 646 1e-06
651 643 1e-06
651 642 1e-06
651 421 1e-06
651 309 1e-06
652 652 1
652 423 1e-06
652 422 1e-06
652 673 1e-06
652 421 1e-06
652 662 1e-06
652 675 1e-06
652 666 1e-06
653 653 1
653 423 1e-06
653 422 1e-06
653 671 1e-06
653 421 1e-06
653 664 1e-06
653 674 1e-06
653 668 1e-06
654 654 1
654 423 1e-06
654 120 1e-06
654 671 1e-06
654 119 1e-06
655 655 1
655 422 1e-06
655 673 1e-06
655 670 1e-06
655 133 1e-06
655 659 1e-06
656 656 1
656 423 1e-06
656 672 1e-06
656 673 1e-06
656 670 1e-06
656 133 1e-06
656 134 1e-06
657 657 1
657 422 1e-06
657 133 1e-06
657 660 1e-06
657 671 1e-06
657 672 1e-06
658 658 1
658 423 1e-06
658 134 1e-06
658 672 1e-06
658 133 1e-06
658 671 1e-06
658 670 1e-06
659 659 1
659 422 1e-06
659 133 1e-06
659 655 1e-06
659 134 1e-06
660 660 1
660 422 1e-06
660 134 1e-06
660 133 1e-06
660 657 1e-06
661 661 1
661 423 1e-06
661 422 1e-06
661 673 1e-06
661 120 1e-06
661 671 1e-06
661 119 1e-06
662 662 1
662 422 1e-06
662 673 1e-06
662 421 1e-06
662 652 1e-06
663 663 1
663 423 1e-06
663 119 1e-06
663 118 1e-06
663 673 1e-06
664 664 1
664 422 1e-06
664 671 1e-06
664 421 1e-06
664 653 1e-06
665 665 1
665 423 1e-06
665 422 1e-06
665 119 1e-06
665 673 1e-06
665 118 1e-06
665 671 1e-06
666 666 1
666 423 1e-06
666 422 1e-06
666 652 1e-06
666 670 1e-06
666 675 1e-06
666 421 1e-06
667 667 1
667 423 1e-06
667 670 1e-06
667 675 1e-06
667 421 1e-06
668 668 1
668 423 1e-06
668 422 1e-06
668 653 1e-06
668 672 1e-06
668 674 1e-06
668 421 1e-06
669 669 1
669 423 1e-06
669 672 1e-06
669 674 1e-06
669 421 1e-06
670 670 1
670 423 1e-06
670 422 1e-06
670 658 1e-06
670 672 1e-06
670 673 1e-06
670 656 1e-06
670 655 1e-06
670 133 1e-06
670 134 1e-06
670 667 1e-06
670 675 1e-06
670 666 1e-06
671 671 1
671 423 1e-06
671 422 1e-06
671 672 1e-06
671 658 1e-06
671 657 1e-06
671 673 1e-06
671 665 1e-06
671 120 1e-06
671 654 1e-06
671 661 1e-06
671 119 1e-06
671 653 1e-06
671 664 1e-06
672 672 1
672 423 1e-06
672 422 1e-06
672 134 1e-06
672 658 1e-06
672 133 1e-06
672 671 1e-06
672 657 1e-06
672 670 1e-06
672 656 1e-06
672 669 1e-06
672 674 1e-06
672 668 1e-06
673 673 1
673 423 1e-06
673 422 1e-06
673 119 1e-06
673 665 1e-06
673 118 1e-06
673 663 1e-06
673 671 1e-06
673 661 1e-06
673 670 1e-06
673 656 1e-06
673 655 1e-06
673 652 1e-06
673 662 1e-06
674 674 1
674 423 1e-06
674 422 1e-06
674 653 1e-06
674 672 1e-06
674 669 1e-06
674 668 1e-06
674 421 1e-06
674 198 1e-06
675 675 1
675 423 1e-06
675 422 1e-06
675 652 1e-06
675 670 1e-06
675 667 1e-06
675 666 1e-06
675 421 1e-06
675 197 1e-06
676 676 1
676 423 1e-06
676 422 1e-06
676 677 1e-06
676 8 1e-06
676 683 1e-06
676 680 1e-06
676 678 1e-06
676 694 1e-06
676 684 1e-06
676 702 1e-06
676 682 1e-06
677 677 1
677 423 1e-06
677 422 1e-06
677 676 1e-06
677 685 1e-06
677 679 1e-06
677 695 1e-06
678 678 1
678 423 1e-06
678 422 1e-06
678 676 1e-06
678 694 1e-06
678 701 1e-06
678 680 1e-06
678 679 1e-06
678 695 1e-06
678 688 1e-06
678 696 1e-06
679 679 1
679 423 1e-06
679 422 1e-06
679 678 1e-06
679 694 1e-06
679 677 1e-06
679 695 1e-06
679 701 1e-06
679 685 1e-06
679 693 1e-06
679 697 1e-06
679 321 1e-06
680 680 1
680 423 1e-06
680 676 1e-06
680 701 1e-06
680 678 1e-06
681 681 1
681 423 1e-06
681 422 1e-06
681 8 1e-06
681 682 1e-06
681 419 1e-06
682 682 1
682 423 1e-06
682 422 1e-06
682 681 1e-06
682 419 1e-06
682 702 1e-06
682 676 1e-06
683 683 1
683 423 1e-06
683 422 1e-06
683 8 1e-06
683 676 1e-06
684 684 1
684 423 1e-06
684 422 1e-06
684 676 1e-06
684 419 1e-06
685 685 1
685 423 1e-06
685 677 1e-06
685 701 1e-06
685 679 1e-06
686 686 1
686 422 1e-06
686 8 1e-06
686 687 1e-06
686 700 1e-06
687 687 1
687 422 1e-06
687 419 1e-06
687 702 1e-06
687 8 1e-06
687 686 1e-06
688 688 1
688 423 1e-06
688 678 1e-06
688 701 1e-06
688 321 1e-06
688 700 1e-06
689 689 1
689 423 1e-06
689 369 1e-06
689 321 1e-06
689 698 1e-06
690 690 1
690 423 1e-06
690 422 1e-06
690 369 1e-06
690 698 1e-06
690 321 1e-06
690 699 1e-06
691 691 1
691 423 1e-06
691 700 1e-06
691 699 1e-06
691 369 1e-06
692 692 1
692 423 1e-06
692 422 1e-06
692 698 1e-06
692 700 1e-06
692 699 1e-06
692 369 1e-06
693 693 1
693 423 1e-06
693 700 1e-06
693 321 1e-06
693 679 1e-06
693 701 1e-06
694 694 1
694 423 1e-06
694 422 1e-06
694 676 1e-06
694 678 1e-06
694 701 1e-06
694 679 1e-06
695 695 1
695 423 1e-06
695 422 1e-06
695 677 1e-06
695 679 1e-06
695 701 1e-06
695 678 1e-06
696 696 1
696 422 1e-06
696 678 1e-06
696 701 1e-06
696 700 1e-06
697 697 1
697 422 1e-06
697 679 1e-06
697 321 1e-06
697 701 1e-06
698 698 1
698 423 1e-06
698 422 1e-06
698 369 1e-06
698 690 1e-06
698 321 1e-06
698 689 1e-06
698 699 1e-06
698 692 1e-06
698 319 1e-06
699 699 1
699 423 1e-06
699 422 1e-06
699 698 1e-06
699 690 1e-06
699 700 1e-06
699 691 1e-06
699 692 1e-06
699 369 1e-06
699 320 1e-06
700 700 1
700 423 1e-06
700 422 1e-06
700 702 1e-06
700 686 1e-06
700 701 1e-06
700 696 1e-06
700 321 1e-06
700 688 1e-06
700 693 1e-06
700 691 1e-06
700 699 1e-06
700 692 1e-06
701 701 1
701 423 1e-06
701 422 1e-06
701 417 1e-06
701 678 1e-06
701 680 1e-06
701 694 1e-06
701 679 1e-06
701 685 1e-06
701 695 1e-06
701 688 1e-06
701 700 1e-06
701 696 1e-06
701 693 1e-06
701 697 1e-06
702 702 1
702 423 1e-06
702 422 1e-06
702 676 1e-06
702 682 1e-06
702 419 1e-06
702 687 1e-06
702 8 1e-06
702 700 1e-06
703 703 1
703 423 1e-06
703 422 1e-06
703 724 1e-06
703 421 1e-06
703 713 1e-06
703 726 1e-06
703 717 1e-06
704 704 1
704 423 1e-06
704 422 1e-06
704 722 1e-06
704 421 1e-06
704 715 1e-06
704 725 1e-06
704 719 1e-06
705 705 1
705 423 1e-06
705 722 1e-06
705 121 1e-06
706 706 1
706 422 1e-06
706 724 1e-06
706 721 1e-06
706 135 1e-06
706 710 1e-06
707 707 1
707 423 1e-06
707 723 1e-06
707 724 1e-06
707 721 1e-06
707 135 1e-06
707 136 1e-06
708 708 1
708 422 1e-06
708 135 1e-06
708 711 1e-06
708 722 1e-06
708 723 1e-06
709 709 1
709 423 1e-06
709 136 1e-06
709 723 1e-06
709 135 1e-06
709 722 1e-06
709 721 1e-06
710 710 1
710 422 1e-06
710 135 1e-06
710 706 1e-06
710 136 1e-06
711 711 1
711 422 1e-06
711 136 1e-06
711 135 1e-06
711 708 1e-06
712 712 1
712 423 1e-06
712 422 1e-06
712 724 1e-06
712 722 1e-06
712 121 1e-06
713 713 1
713 422 1e-06
713 724 1e-06
713 421 1e-06
713 703 1e-06
714 714 1
714 423 1e-06
714 121 1e-06
714 422 1e-06
714 724 1e-06
715 715 1
715 422 1e-06
715 722 1e-06
715 421 1e-06
715 704 1e-06
716 716 1
716 423 1e-06
716 422 1e-06
716 121 1e-06
716 724 1e-06
716 722 1e-06
717 717 1
717 423 1e-06
717 422 1e-06
717 703 1e-06
717 721 1e-06
717 726 1e-06
717 421 1e-06
718 718 1
718 423 1e-06
718 721 1e-06
718 726 1e-06
718 421 1e-06
719 719 1
719 423 1e-06
719 422 1e-06
719 704 1e-06
719 723 1e-06
719 725 1e-06
719 421 1e-06
720 720 1
720 423 1e-06
720 723 1e-06
720 725 1e-06
720 421 1e-06
721 721 1
721 423 1e-06
721 422 1e-06
721 709 1e-06
721 723 1e-06
721 724 1e-06
721 707 1e-06
721 706 1e-06
721 135 1e-06
721 136 1e-06
721 718 1e-06
721 726 1e-06
721 717 1e-06
722 722 1
722 423 1e-06
722 422 1e-06
722 723 1e-06
722 709 1e-06
722 708 1e-06
722 724 1e-06
722 716 1e-06
722 705 1e-06
722 712 1e-06
722 121 1e-06
722 704 1e-06
722 715 1e-06
723 723 1
723 423 1e-06
723 422 1e-06
723 136 1e-06
723 709 1e-06
723 135 1e-06
723 722 1e-06
723 708 1e-06
723 721 1e-06
723 707 1e-06
723 720 1e-06
723 725 1e-06
723 719 1e-06
724 724 1
724 423 1e-06
724 422 1e-06
724 121 1e-06
724 716 1e-06
724 714 1e-06
724 722 1e-06
724 712 1e-06
724 721 1e-06
724 707 1e-06
724 706 1e-06
724 703 1e-06
724 713 1e-06
725 725 1
725 423 1e-06
725 422 1e-06
725 704 1e-06
725 723 1e-06
725 720 1e-06
725 719 1e-06
725 421 1e-06
725 312 1e-06
726 726 1
726 423 1e-06
726 422 1e-06
726 703 1e-06
726 721 1e-06
726 718 1e-06
726 717 1e-06
726 421 1e-06
726 311 1e-06
727 727 1
727 423 1e-06
727 422 1e-06
727 748 1e-06
727 421 1e-06
727 737 1e-06
727 750 1e-06
727 741 1e-06
728 728 1
728 423 1e-06
728 422 1e-06
728 746 1e-06
728 421 1e-06
728 739 1e-06
728 749 1e-06
728 743 1e-06
729 729 1
729 423 1e-06
729 124 1e-06
729 746 1e-06
729 123 1e-06
730 730 1
730 422 1e-06
730 748 1e-06
730 745 1e-06
730 137 1e-06
730 734 1e-06
731 731 1
731 423 1e-06
731 747 1e-06
731 748 1e-06
731 745 1e-06
731 137 1e-06
731 138 1e-06
732 732 1
732 422 1e-06
732 137 1e-06
732 735 1e-06
732 746 1e-06
732 747 1e-06
733 733 1
733 423 1e-06
733 138 1e-06
733 747 1e-06
733 137 1e-06
733 746 1e-06
733 745 1e-06
734 734 1
734 422 1e-06
734 137 1e-06
734 730 1e-06
734 138 1e-06
735 735 1
735 422 1e-06
735 138 1e-06
735 137 1e-06
735 732 1e-06
736 736 1
736 423 1e-06
736 422 1e-06
736 748 1e-06
736 124 1e-06
736 746 1e-06
736 123 1e-06
737 737 1
737 422 1e-06
737 748 1e-06
737 421 1e-06
737 727 1e-06
738 738 1
738 423 1e-06
738 123 1e-06
738 122 1e-06
738 748 1e-06
739 739 1
739 422 1e-06
739 746 1e-06
739 421 1e-06
739 728 1e-06
740 740 1
740 423 1e-06
740 422 1e-06
740 123 1e-06
740 748 1e-06
740 122 1e-06
740 746 1e-06
741 741 1
741 423 1e-06
741 422 1e-06
741 727 1e-06
741 745 1e-06
741 750 1e-06
741 421 1e-06
742 742 1
742 423 1e-06
742 745 1e-06
742 750 1e-06
742 421 1e-06
743 743 1
743 423 1e-06
743 422 1e-06
743 728 1e-06
743 747 1e-06
743 749 1e-06
743 421 1e-06
744 744 1
744 423 1e-06
744 747 1e-06
744 749 1e-06
744 421 1e-06
745 745 1
745 423 1e-06
745 422 1e-06
745 733 1e-06
745 747 1e-06
745 748 1e-06
745 731 1e-06
745 730 1e-06
745 137 1e-06
745 138 1e-06
745 742 1e-06
745 750 1e-06
745 741 1e-06
746 746 1
746 423 1e-06
746 422 1e-06
746 747 1e-06
746 733 1e-06
746 732 1e-06
746 748 1e-06
746 740 1e-06
746 124 1e-06
746 729 1e-06
746 736 1e-06
746 123 1e-06
746 728 1e-06
746 739 1e-06
747 747 1
747 423 1e-06
747 422 1e-06
747 138 1e-06
747 733 1e-06
747 137 1e-06
747 746 1e-06
747 732 1e-06
747 745 1e-06
747 731 1e-06
747 744 1e-06
747 749 1e-06
747 743 1e-06
748 748 1
748 423 1e-06
748 422 1e-06
748 123 1e-06
748 740 1e-06
748 122 1e-06
748 738 1e-06
748 746 1e-06
748 736 1e-06
748 745 1e-06
748 731 1e-06
748 730 1e-06
748 727 1e-06
748 737 1e-06
749 749 1
749 423 1e-06
749 422 1e-06
749 728 1e-06
749 747 1e-06
749 744 1e-06
749 743 1e-06
749 421 1e-06
749 200 1e-06
750 750 1
750 423 1e-06
750 422 1e-06
750 727 1e-06
750 745 1e-06
750 742 1e-06
750 741 1e-06
750 421 1e-06
750 199 1e-06
751 751 1
751 423 1e-06
751 422 1e-06
751 785 1e-06
751 758 1e-06
751 760 1e-06
751 756 1e-06
751 753 1e-06
751 770 1e-06
751 8 1e-06
751 759 1e-06
751 752 1e-06
752 752 1
752 423 1e-06
752 422 1e-06
752 761 1e-06
752 754 1e-06
752 773 1e-06
752 751 1e-06
753 753 1
753 423 1e-06
753 422 1e-06
753 764 1e-06
753 776 1e-06
753 754 1e-06
753 773 1e-06
753 783 1e-06
753 756 1e-06
753 770 1e-06
753 751 1e-06
754 754 1
754 423 1e-06
754 422 1e-06
754 769 1e-06
754 313 1e-06
754 779 1e-06
754 753 1e-06
754 783 1e-06
754 761 1e-06
754 773 1e-06
754 752 1e-06
754 770 1e-06
755 755 1
755 423 1e-06
755 422 1e-06
755 263 1e-06
755 774 1e-06
755 777 1e-06
755 778 1e-06
755 140 1e-06
756 756 1
756 423 1e-06
756 783 1e-06
756 753 1e-06
756 751 1e-06
757 757 1
757 423 1e-06
757 422 1e-06
757 419 1e-06
757 758 1e-06
757 8 1e-06
757 196 1e-06
758 758 1
758 423 1e-06
758 422 1e-06
758 785 1e-06
758 751 1e-06
758 419 1e-06
758 757 1e-06
759 759 1
759 423 1e-06
759 8 1e-06
759 751 1e-06
759 196 1e-06
760 760 1
760 423 1e-06
760 419 1e-06
760 422 1e-06
760 751 1e-06
761 761 1
761 423 1e-06
761 783 1e-06
761 754 1e-06
761 752 1e-06
762 762 1
762 422 1e-06
762 782 1e-06
762 8 1e-06
762 763 1e-06
763 763 1
763 422 1e-06
763 8 1e-06
763 762 1e-06
763 419 1e-06
763 785 1e-06
764 764 1
764 423 1e-06
764 313 1e-06
764 782 1e-06
764 783 1e-06
764 753 1e-06
765 765 1
765 423 1e-06
765 313 1e-06
765 780 1e-06
765 139 1e-06
766 766 1
766 423 1e-06
766 422 1e-06
766 781 1e-06
766 313 1e-06
766 780 1e-06
766 139 1e-06
767 767 1
767 423 1e-06
767 139 1e-06
767 782 1e-06
767 781 1e-06
768 768 1
768 423 1e-06
768 422 1e-06
768 139 1e-06
768 781 1e-06
768 782 1e-06
768 780 1e-06
769 769 1
769 423 1e-06
769 783 1e-06
769 754 1e-06
769 782 1e-06
769 313 1e-06
770 770 1
770 423 1e-06
770 422 1e-06
770 754 1e-06
770 783 1e-06
770 753 1e-06
770 751 1e-06
771 771 1
771 423 1e-06
771 780 1e-06
771 142 1e-06
771 421 1e-06
772 772 1
772 423 1e-06
772 421 1e-06
772 781 1e-06
772 784 1e-06
773 773 1
773 423 1e-06
773 422 1e-06
773 753 1e-06
773 783 1e-06
773 754 1e-06
773 752 1e-06
774 774 1
774 423 1e-06
774 263 1e-06
774 775 1e-06
774 755 1e-06
775 775 1
775 423 1e-06
775 263 1e-06
775 774 1e-06
776 776 1
776 422 1e-06
776 783 1e-06
776 782 1e-06
776 753 1e-06
777 777 1
777 423 1e-06
777 784 1e-06
777 140 1e-06
777 755 1e-06
777 778 1e-06
778 778 1
778 423 1e-06
778 755 1e-06
778 777 1e-06
778 141 1e-06
779 779 1
779 422 1e-06
779 783 1e-06
779 754 1e-06
779 313 1e-06
780 780 1
780 423 1e-06
780 422 1e-06
780 142 1e-06
780 771 1e-06
780 781 1e-06
780 768 1e-06
780 313 1e-06
780 765 1e-06
780 766 1e-06
780 139 1e-06
781 781 1
781 423 1e-06
781 422 1e-06
781 784 1e-06
781 772 1e-06
781 139 1e-06
781 768 1e-06
781 782 1e-06
781 767 1e-06
781 780 1e-06
781 766 1e-06
782 782 1
782 423 1e-06
782 422 1e-06
782 313 1e-06
782 769 1e-06
782 781 1e-06
782 767 1e-06
782 768 1e-06
782 764 1e-06
782 783 1e-06
782 776 1e-06
782 785 1e-06
782 762 1e-06
783 783 1
783 423 1e-06
783 422 1e-06
783 769 1e-06
783 779 1e-06
783 764 1e-06
783 776 1e-06
783 782 1e-06
783 761 1e-06
783 754 1e-06
783 773 1e-06
783 756 1e-06
783 753 1e-06
783 770 1e-06
783 417 1e-06
784 784 1
784 423 1e-06
784 422 1e-06
784 140 1e-06
784 777 1e-06
784 421 1e-06
784 781 1e-06
784 772 1e-06
785 785 1
785 423 1e-06
785 422 1e-06
785 782 1e-06
785 8 1e-06
785 419 1e-06
785 763 1e-06
785 751 1e-06
785 758 1e-06
786 786 1
786 422 1e-06
786 144 1e-06
786 794 1e-06
786 244 1e-06
787 787 1
787 423 1e-06
787 244 1e-06
787 796 1e-06
787 147 1e-06
788 788 1
788 422 1e-06
788 244 1e-06
788 144 1e-06
788 794 1e-06
789 789 1
789 422 1e-06
789 144 1e-06
789 262 1e-06
790 790 1
790 422 1e-06
790 244 1e-06
790 144 1e-06
790 794 1e-06
791 791 1
791 422 1e-06
791 144 1e-06
791 794 1e-06
791 244 1e-06
792 792 1
792 422 1e-06
792 151 1e-06
792 144 1e-06
792 242 1e-06
793 793 1
793 422 1e-06
793 144 1e-06
793 242 1e-06
793 151 1e-06
794 794 1
794 423 1e-06
794 422 1e-06
794 244 1e-06
794 144 1e-06
794 788 1e-06
794 790 1e-06
794 791 1e-06
794 786 1e-06
794 146 1e-06
795 795 1
795 423 1e-06
795 422 1e-06
795 151 1e-06
795 148 1e-06
796 796 1
796 423 1e-06
796 422 1e-06
796 244 1e-06
796 787 1e-06
796 147 1e-06
796 797 1e-06
797 797 1
797 423 1e-06
797 422 1e-06
797 796 1e-06
797 798 1e-06
798 798 1
798 423 1e-06
798 422 1e-06
798 797 1e-06
798 153 1e-06
799 799 1
799 423 1e-06
799 422 1e-06
799 811 1e-06
799 801 1e-06
799 807 1e-06
799 823 1e-06
800 800 1
800 423 1e-06
800 422 1e-06
800 812 1e-06
800 808 1e-06
800 801 1e-06
800 807 1e-06
800 164 1e-06
800 810 1e-06
800 806 1e-06
800 823 1e-06
801 801 1
801 423 1e-06
801 422 1e-06
801 813 1e-06
801 314 1e-06
801 809 1e-06
801 800 1e-06
801 163 1e-06
801 811 1e-06
801 807 1e-06
801 799 1e-06
801 806 1e-06
802 802 1
802 423 1e-06
802 8 1e-06
802 823 1e-06
802 422 1e-06
803 803 1
803 422 1e-06
803 8 1e-06
803 804 1e-06
803 419 1e-06
803 824 1e-06
804 804 1
804 422 1e-06
804 820 1e-06
804 8 1e-06
804 803 1e-06
805 805 1
805 423 1e-06
805 419 1e-06
805 422 1e-06
805 823 1e-06
806 806 1
806 423 1e-06
806 422 1e-06
806 801 1e-06
806 164 1e-06
806 800 1e-06
806 823 1e-06
807 807 1
807 423 1e-06
807 422 1e-06
807 800 1e-06
807 163 1e-06
807 801 1e-06
807 799 1e-06
808 808 1
808 422 1e-06
808 162 1e-06
808 820 1e-06
808 800 1e-06
809 809 1
809 422 1e-06
809 161 1e-06
809 801 1e-06
809 314 1e-06
810 810 1
810 423 1e-06
810 164 1e-06
810 800 1e-06
810 823 1e-06
811 811 1
811 423 1e-06
811 163 1e-06
811 801 1e-06
811 799 1e-06
812 812 1
812 423 1e-06
812 314 1e-06
812 820 1e-06
812 162 1e-06
812 800 1e-06
813 813 1
813 423 1e-06
813 161 1e-06
813 801 1e-06
813 820 1e-06
813 314 1e-06
814 814 1
814 423 1e-06
814 422 1e-06
814 419 1e-06
814 819 1e-06
814 8 1e-06
815 815 1
815 423 1e-06
815 314 1e-06
815 821 1e-06
815 239 1e-06
816 816 1
816 423 1e-06
816 237 1e-06
816 820 1e-06
816 822 1e-06
817 817 1
817 423 1e-06
817 422 1e-06
817 822 1e-06
817 314 1e-06
817 821 1e-06
817 239 1e-06
818 818 1
818 423 1e-06
818 422 1e-06
818 237 1e-06
818 822 1e-06
818 820 1e-06
818 821 1e-06
819 819 1
819 423 1e-06
819 422 1e-06
819 824 1e-06
819 823 1e-06
819 419 1e-06
819 814 1e-06
820 820 1
820 423 1e-06
820 422 1e-06
820 822 1e-06
820 816 1e-06
820 818 1e-06
820 314 1e-06
820 813 1e-06
820 812 1e-06
820 162 1e-06
820 808 1e-06
820 824 1e-06
820 804 1e-06
821 821 1
821 423 1e-06
821 422 1e-06
821 316 1e-06
821 822 1e-06
821 818 1e-06
821 314 1e-06
821 815 1e-06
821 817 1e-06
821 239 1e-06
822 822 1
822 423 1e-06
822 422 1e-06
822 317 1e-06
822 237 1e-06
822 818 1e-06
822 820 1e-06
822 816 1e-06
822 821 1e-06
822 817 1e-06
823 823 1
823 423 1e-06
823 422 1e-06
823 810 1e-06
823 800 1e-06
823 806 1e-06
823 799 1e-06
823 824 1e-06
823 819 1e-06
823 805 1e-06
823 8 1e-06
823 802 1e-06
824 824 1
824 423 1e-06
824 422 1e-06
824 820 1e-06
824 8 1e-06
824 419 1e-06
824 803 1e-06
824 823 1e-06
824 819 1e-06
825 825 1
825 423 1e-06
825 422 1e-06
825 837 1e-06
825 827 1e-06
825 833 1e-06
825 849 1e-06
826 826 1
826 423 1e-06
826 422 1e-06
826 838 1e-06
826 834 1e-06
826 827 1e-06
826 833 1e-06
826 173 1e-06
826 836 1e-06
826 832 1e-06
826 849 1e-06
827 827 1
827 423 1e-06
827 422 1e-06
827 839 1e-06
827 315 1e-06
827 835 1e-06
827 826 1e-06
827 172 1e-06
827 837 1e-06
827 833 1e-06
827 825 1e-06
827 832 1e-06
828 828 1
828 423 1e-06
828 8 1e-06
828 849 1e-06
828 203 1e-06
829 829 1
829 422 1e-06
829 8 1e-06
829 830 1e-06
829 419 1e-06
829 850 1e-06
830 830 1
830 422 1e-06
830 846 1e-06
830 8 1e-06
830 829 1e-06
831 831 1
831 423 1e-06
831 419 1e-06
831 422 1e-06
831 849 1e-06
832 832 1
832 423 1e-06
832 422 1e-06
832 827 1e-06
832 173 1e-06
832 826 1e-06
832 849 1e-06
833 833 1
833 423 1e-06
833 422 1e-06
833 826 1e-06
833 172 1e-06
833 827 1e-06
833 825 1e-06
834 834 1
834 422 1e-06
834 171 1e-06
834 846 1e-06
834 826 1e-06
835 835 1
835 422 1e-06
835 170 1e-06
835 827 1e-06
835 315 1e-06
836 836 1
836 423 1e-06
836 173 1e-06
836 826 1e-06
836 849 1e-06
837 837 1
837 423 1e-06
837 172 1e-06
837 827 1e-06
837 825 1e-06
838 838 1
838 423 1e-06
838 315 1e-06
838 846 1e-06
838 171 1e-06
838 826 1e-06
839 839 1
839 423 1e-06
839 170 1e-06
839 827 1e-06
839 846 1e-06
839 315 1e-06
840 840 1
840 423 1e-06
840 422 1e-06
840 419 1e-06
840 845 1e-06
840 8 1e-06
840 203 1e-06
841 841 1
841 423 1e-06
841 315 1e-06
841 847 1e-06
841 240 1e-06
842 842 1
842 423 1e-06
842 238 1e-06
842 846 1e-06
842 848 1e-06
843 843 1
843 423 1e-06
843 422 1e-06
843 848 1e-06
843 315 1e-06
843 847 1e-06
843 240 1e-06
844 844 1
844 423 1e-06
844 422 1e-06
844 238 1e-06
844 848 1e-06
844 846 1e-06
844 847 1e-06
845 845 1
845 423 1e-06
845 422 1e-06
845 850 1e-06
845 849 1e-06
845 419 1e-06
845 840 1e-06
846 846 1
846 423 1e-06
846 422 1e-06
846 848 1e-06
846 842 1e-06
846 844 1e-06
846 315 1e-06
846 839 1e-06
846 838 1e-06
846 171 1e-06
846 834 1e-06
846 850 1e-06
846 830 1e-06
847 847 1
847 423 1e-06
847 422 1e-06
847 114 1e-06
847 848 1e-06
847 844 1e-06
847 315 1e-06
847 841 1e-06
847 843 1e-06
847 240 1e-06
848 848 1
848 423 1e-06
848 422 1e-06
848 115 1e-06
848 238 1e-06
848 844 1e-06
848 846 1e-06
848 842 1e-06
848 847 1e-06
848 843 1e-06
849 849 1
849 423 1e-06
849 422 1e-06
849 836 1e-06
849 826 1e-06
849 832 1e-06
849 825 1e-06
849 850 1e-06
849 845 1e-06
849 831 1e-06
849 8 1e-06
849 828 1e-06
850 850 1
850 423 1e-06
850 422 1e-06
850 846 1e-06
850 8 1e-06
850 419 1e-06
850 829 1e-06
850 849 1e-06
850 845 1e-06
851 851 1
851 423 1e-06
851 422 1e-06
851 182 1e-06
851 191 1e-06
852 852 1
852 423 1e-06
852 422 1e-06
852 417 1e-06
852 193 1e-06
852 192 1e-06
853 853 1
853 423 1e-06
853 422 1e-06
853 854 1e-06
853 8 1e-06
853 860 1e-06
853 857 1e-06
853 855 1e-06
853 871 1e-06
853 861 1e-06
853 880 1e-06
853 859 1e-06
854 854 1
854 423 1e-06
854 422 1e-06
854 853 1e-06
854 862 1e-06
854 856 1e-06
854 872 1e-06
855 855 1
855 423 1e-06
855 422 1e-06
855 853 1e-06
855 871 1e-06
855 878 1e-06
855 857 1e-06
855 856 1e-06
855 872 1e-06
855 865 1e-06
855 873 1e-06
856 856 1
856 423 1e-06
856 422 1e-06
856 855 1e-06
856 871 1e-06
856 854 1e-06
856 872 1e-06
856 878 1e-06
856 862 1e-06
856 870 1e-06
856 874 1e-06
856 879 1e-06
857 857 1
857 423 1e-06
857 853 1e-06
857 878 1e-06
857 855 1e-06
858 858 1
858 423 1e-06
858 422 1e-06
858 326 1e-06
858 8 1e-06
858 859 1e-06
858 419 1e-06
859 859 1
859 423 1e-06
859 422 1e-06
859 858 1e-06
859 419 1e-06
859 880 1e-06
859 853 1e-06
860 860 1
860 423 1e-06
860 326 1e-06
860 8 1e-06
860 853 1e-06
861 861 1
861 423 1e-06
861 422 1e-06
861 853 1e-06
861 419 1e-06
862 862 1
862 423 1e-06
862 854 1e-06
862 878 1e-06
862 856 1e-06
863 863 1
863 422 1e-06
863 8 1e-06
863 864 1e-06
863 877 1e-06
864 864 1
864 422 1e-06
864 419 1e-06
864 880 1e-06
864 8 1e-06
864 863 1e-06
865 865 1
865 423 1e-06
865 855 1e-06
865 878 1e-06
865 879 1e-06
865 877 1e-06
866 866 1
866 423 1e-06
866 380 1e-06
866 879 1e-06
866 875 1e-06
867 867 1
867 423 1e-06
867 422 1e-06
867 380 1e-06
867 875 1e-06
867 879 1e-06
867 876 1e-06
868 868 1
868 423 1e-06
868 877 1e-06
868 876 1e-06
868 380 1e-06
869 869 1
869 423 1e-06
869 422 1e-06
869 875 1e-06
869 877 1e-06
869 876 1e-06
869 380 1e-06
870 870 1
870 423 1e-06
870 877 1e-06
870 879 1e-06
870 856 1e-06
870 878 1e-06
871 871 1
871 423 1e-06
871 422 1e-06
871 853 1e-06
871 855 1e-06
871 878 1e-06
871 856 1e-06
872 872 1
872 423 1e-06
872 422 1e-06
872 854 1e-06
872 856 1e-06
872 878 1e-06
872 855 1e-06
873 873 1
873 422 1e-06
873 855 1e-06
873 878 1e-06
873 877 1e-06
874 874 1
874 422 1e-06
874 856 1e-06
874 879 1e-06
874 878 1e-06
875 875 1
875 423 1e-06
875 422 1e-06
875 380 1e-06
875 867 1e-06
875 879 1e-06
875 866 1e-06
875 876 1e-06
875 869 1e-06
875 341 1e-06
876 876 1
876 423 1e-06
876 422 1e-06
876 875 1e-06
876 867 1e-06
876 877 1e-06
876 868 1e-06
876 869 1e-06
876 380 1e-06
876 339 1e-06
877 877 1
877 423 1e-06
877 422 1e-06
877 880 1e-06
877 863 1e-06
877 878 1e-06
877 873 1e-06
877 879 1e-06
877 865 1e-06
877 870 1e-06
877 868 1e-06
877 876 1e-06
877 869 1e-06
878 878 1
878 423 1e-06
878 422 1e-06
878 417 1e-06
878 855 1e-06
878 857 1e-06
878 871 1e-06
878 856 1e-06
878 862 1e-06
878 872 1e-06
878 865 1e-06
878 877 1e-06
878 873 1e-06
878 870 1e-06
878 874 1e-06
879 879 1
879 423 1e-06
879 422 1e-06
879 390 1e-06
879 875 1e-06
879 866 1e-06
879 867 1e-06
879 877 1e-06
879 865 1e-06
879 870 1e-06
879 856 1e-06
879 874 1e-06
880 880 1
880 423 1e-06
880 422 1e-06
880 853 1e-06
880 859 1e-06
880 419 1e-06
880 864 1e-06
880 8 1e-06
880 877 1e-06
881 881 1
881 423 1e-06
881 422 1e-06
881 231 1e-06
881 218 1e-06
882 882 1
882 423 1e-06
882 422 1e-06
882 883 1e-06
882 8 1e-06
882 889 1e-06
882 886 1e-06
882 884 1e-06
882 900 1e-06
882 890 1e-06
882 908 1e-06
882 888 1e-06
883 883 1
883 423 1e-06
883 422 1e-06
883 882 1e-06
883 891 1e-06
883 885 1e-06
883 901 1e-06
884 884 1
884 423 1e-06
884 422 1e-06
884 882 1e-06
884 900 1e-06
884 907 1e-06
884 886 1e-06
884 885 1e-06
884 901 1e-06
884 894 1e-06
884 902 1e-06
885 885 1
885 423 1e-06
885 422 1e-06
885 884 1e-06
885 900 1e-06
885 883 1e-06
885 901 1e-06
885 907 1e-06
885 891 1e-06
885 899 1e-06
885 903 1e-06
885 316 1e-06
886 886 1
886 423 1e-06
886 882 1e-06
886 907 1e-06
886 884 1e-06
887 887 1
887 423 1e-06
887 422 1e-06
887 8 1e-06
887 888 1e-06
887 419 1e-06
888 888 1
888 423 1e-06
888 422 1e-06
888 887 1e-06
888 419 1e-06
888 908 1e-06
888 882 1e-06
889 889 1
889 423 1e-06
889 422 1e-06
889 8 1e-06
889 882 1e-06
890 890 1
890 423 1e-06
890 422 1e-06
890 882 1e-06
890 419 1e-06
891 891 1
891 423 1e-06
891 883 1e-06
891 907 1e-06
891 885 1e-06
892 892 1
892 422 1e-06
892 8 1e-06
892 893 1e-06
892 906 1e-06
893 893 1
893 422 1e-06
893 419 1e-06
893 908 1e-06
893 8 1e-06
893 892 1e-06
894 894 1
894 423 1e-06
894 884 1e-06
894 907 1e-06
894 316 1e-06
894 906 1e-06
895 895 1
895 423 1e-06
895 208 1e-06
895 316 1e-06
895 904 1e-06
896 896 1
896 423 1e-06
896 422 1e-06
896 208 1e-06
896 904 1e-06
896 316 1e-06
896 905 1e-06
897 897 1
897 423 1e-06
897 906 1e-06
897 905 1e-06
897 208 1e-06
898 898 1
898 423 1e-06
898 422 1e-06
898 904 1e-06
898 906 1e-06
898 905 1e-06
898 208 1e-06
899 899 1
899 423 1e-06
899 906 1e-06
899 316 1e-06
899 885 1e-06
899 907 1e-06
900 900 1
900 423 1e-06
900 422 1e-06
900 882 1e-06
900 884 1e-06
900 907 1e-06
900 885 1e-06
901 901 1
901 423 1e-06
901 422 1e-06
901 883 1e-06
901 885 1e-06
901 907 1e-06
901 884 1e-06
902 902 1
902 422 1e-06
902 884 1e-06
902 907 1e-06
902 906 1e-06
903 903 1
903 422 1e-06
903 885 1e-06
903 316 1e-06
903 907 1e-06
904 904 1
904 423 1e-06
904 422 1e-06
904 208 1e-06
904 896 1e-06
904 316 1e-06
904 895 1e-06
904 905 1e-06
904 898 1e-06
904 248 1e-06
905 905 1
905 423 1e-06
905 422 1e-06
905 904 1e-06
905 896 1e-06
905 906 1e-06
905 897 1e-06
905 898 1e-06
905 208 1e-06
905 249 1e-06
906 906 1
906 423 1e-06
906 422 1e-06
906 908 1e-06
906 892 1e-06
906 907 1e-06
906 902 1e-06
906 316 1e-06
906 894 1e-06
906 899 1e-06
906 897 1e-06
906 905 1e-06
906 898 1e-06
907 907 1
907 423 1e-06
907 422 1e-06
907 417 1e-06
907 884 1e-06
907 886 1e-06
907 900 1e-06
907 885 1e-06
907 891 1e-06
907 901 1e-06
907 894 1e-06
907 906 1e-06
907 902 1e-06
907 899 1e-06
907 903 1e-06
908 908 1
908 423 1e-06
908 422 1e-06
908 882 1e-06
908 888 1e-06
908 419 1e-06
908 893 1e-06
908 8 1e-06
908 906 1e-06
909 422 1e-06
909 423 1e-06
909 909 1
909 424 1e-06
909 448 1e-06
909 286 1e-06
909 447 1e-06
909 275 1e-06
909 446 1e-06
909 450 1e-06
909 449 1e-06
909 427 1e-06
909 426 1e-06
909 425 1e-06
909 264 1e-06
909 429 1e-06
909 430 1e-06
909 438 1e-06
909 440 1e-06
909 442 1e-06
909 443 1e-06
909 435 1e-06
909 434 1e-06
909 444 1e-06
909 445 1e-06
909 491 1e-06
909 515 1e-06
909 297 1e-06
909 514 1e-06
909 513 1e-06
909 327 1e-06
909 517 1e-06
909 516 1e-06
909 494 1e-06
909 493 1e-06
909 492 1e-06
909 328 1e-06
909 496 1e-06
909 497 1e-06
909 505 1e-06
909 507 1e-06
909 509 1e-06
909 510 1e-06
909 502 1e-06
909 501 1e-06
909 511 1e-06
909 512 1e-06
909 538 1e-06
909 562 1e-06
909 308 1e-06
909 561 1e-06
909 560 1e-06
909 331 1e-06
909 564 1e-06
909 563 1e-06
909 541 1e-06
909 540 1e-06
909 539 1e-06
909 332 1e-06
909 543 1e-06
909 544 1e-06
909 552 1e-06
909 554 1e-06
909 556 1e-06
909 557 1e-06
909 549 1e-06
909 548 1e-06
909 558 1e-06
909 559 1e-06
909 573 1e-06
909 597 1e-06
909 318 1e-06
909 596 1e-06
909 335 1e-06
909 595 1e-06
909 599 1e-06
909 598 1e-06
909 576 1e-06
909 575 1e-06
909 574 1e-06
909 337 1e-06
909 578 1e-06
909 579 1e-06
909 587 1e-06
909 589 1e-06
909 591 1e-06
909 592 1e-06
909 584 1e-06
909 583 1e-06
909 593 1e-06
909 594 1e-06
909 676 1e-06
909 700 1e-06
909 321 1e-06
909 699 1e-06
909 320 1e-06
909 698 1e-06
909 702 1e-06
909 701 1e-06
909 679 1e-06
909 678 1e-06
909 677 1e-06
909 319 1e-06
909 681 1e-06
909 682 1e-06
909 690 1e-06
909 692 1e-06
909 694 1e-06
909 695 1e-06
909 687 1e-06
909 686 1e-06
909 696 1e-06
909 697 1e-06
909 853 1e-06
909 877 1e-06
909 879 1e-06
909 876 1e-06
909 339 1e-06
909 875 1e-06
909 880 1e-06
909 390 1e-06
909 878 1e-06
909 856 1e-06
909 855 1e-06
909 854 1e-06
909 341 1e-06
909 858 1e-06
909 859 1e-06
909 867 1e-06
909 869 1e-06
909 871 1e-06
909 872 1e-06
909 864 1e-06
909 863 1e-06
909 873 1e-06
909 874 1e-06
909 882 1e-06
909 906 1e-06
909 316 1e-06
909 905 1e-06
909 904 1e-06
909 248 1e-06
909 908 1e-06
909 249 1e-06
909 907 1e-06
909 885 1e-06
909 884 1e-06
909 883 1e-06
909 887 1e-06
909 888 1e-06
909 896 1e-06
909 898 1e-06
909 900 1e-06
909 901 1e-06
909 893 1e-06
909 892 1e-06
909 902 1e-06
909 903 1e-06
909 822 1e-06
909 314 1e-06
909 820 1e-06
909 801 1e-06
909 823 1e-06
909 166 1e-06
909 821 1e-06
909 800 1e-06
909 799 1e-06
909 824 1e-06
909 317 1e-06
909 818 1e-06
909 817 1e-06
909 814 1e-06
909 807 1e-06
909 806 1e-06
909 819 1e-06
909 809 1e-06
909 808 1e-06
909 804 1e-06
909 803 1e-06
909 114 1e-06
909 848 1e-06
909 315 1e-06
909 846 1e-06
909 827 1e-06
909 849 1e-06
909 175 1e-06
909 847 1e-06
909 826 1e-06
909 825 1e-06
909 850 1e-06
909 115 1e-06
909 844 1e-06
909 843 1e-06
909 840 1e-06
909 833 1e-06
909 832 1e-06
909 845 1e-06
909 835 1e-06
909 834 1e-06
909 830 1e-06
909 829 1e-06
909 142 1e-06
909 754 1e-06
909 313 1e-06
909 752 1e-06
909 753 1e-06
909 783 1e-06
909 782 1e-06
909 784 1e-06
909 781 1e-06
909 755 1e-06
909 140 1e-06
909 785 1e-06
909 780 1e-06
909 751 1e-06
909 773 1e-06
909 770 1e-06
909 768 1e-06
909 766 1e-06
909 758 1e-06
909 757 1e-06
909 779 1e-06
909 776 1e-06
909 762 1e-06
909 763 1e-06
909 187 1e-06
909 182 1e-06
909 181 1e-06
909 183 1e-06
909 184 1e-06
909 851 1e-06
909 262 1e-06
909 796 1e-06
909 797 1e-06
909 798 1e-06
909 150 1e-06
909 153 1e-06
909 795 1e-06
909 151 1e-06
909 794 1e-06
909 242 1e-06
909 146 1e-06
909 149 1e-06
909 789 1e-06
909 792 1e-06
909 793 1e-06
909 790 1e-06
909 791 1e-06
909 788 1e-06
909 786 1e-06
909 483 1e-06
909 484 1e-06
909 485 1e-06
909 486 1e-06
909 487 1e-06
909 488 1e-06
909 489 1e-06
909 490 1e-06
909 518 1e-06
909 519 1e-06
909 520 1e-06
909 521 1e-06
909 522 1e-06
909 523 1e-06
909 524 1e-06
909 525 1e-06
909 526 1e-06
909 527 1e-06
909 528 1e-06
909 529 1e-06
909 647 1e-06
909 649 1e-06
909 651 1e-06
909 646 1e-06
909 628 1e-06
909 629 1e-06
909 648 1e-06
909 650 1e-06
909 309 1e-06
909 310 1e-06
909 642 1e-06
909 641 1e-06
909 637 1e-06
909 644 1e-06
909 638 1e-06
909 640 1e-06
909 636 1e-06
909 633 1e-06
909 631 1e-06
909 635 1e-06
909 671 1e-06
909 673 1e-06
909 675 1e-06
909 670 1e-06
909 652 1e-06
909 653 1e-06
909 672 1e-06
909 674 1e-06
909 197 1e-06
909 198 1e-06
909 666 1e-06
909 665 1e-06
909 661 1e-06
909 668 1e-06
909 662 1e-06
909 664 1e-06
909 660 1e-06
909 657 1e-06
909 655 1e-06
909 659 1e-06
909 722 1e-06
909 724 1e-06
909 726 1e-06
909 721 1e-06
909 703 1e-06
909 704 1e-06
909 723 1e-06
909 725 1e-06
909 311 1e-06
909 312 1e-06
909 717 1e-06
909 716 1e-06
909 712 1e-06
909 719 1e-06
909 713 1e-06
909 715 1e-06
909 711 1e-06
909 708 1e-06
909 706 1e-06
909 710 1e-06
909 746 1e-06
909 748 1e-06
909 750 1e-06
909 745 1e-06
909 727 1e-06
909 728 1e-06
909 747 1e-06
909 749 1e-06
909 199 1e-06
909 200 1e-06
909 741 1e-06
909 740 1e-06
909 736 1e-06
909 743 1e-06
909 737 1e-06
909 739 1e-06
909 735 1e-06
909 732 1e-06
909 730 1e-06
909 734 1e-06
909 453 1e-06
909 454 1e-06
909 451 1e-06
909 452 1e-06
909 457 1e-06
909 458 1e-06
909 455 1e-06
909 456 1e-06
909 258 1e-06
909 259 1e-06
909 461 1e-06
909 462 1e-06
909 459 1e-06
909 460 1e-06
909 374 1e-06
909 376 1e-06
909 465 1e-06
909 466 1e-06
909 463 1e-06
909 464 1e-06
909 345 1e-06
909 296 1e-06
909 295 1e-06
909 343 1e-06
909 479 1e-06
909 467 1e-06
909 480 1e-06
909 468 1e-06
909 471 1e-06
909 475 1e-06
909 472 1e-06
909 476 1e-06
909 393 1e-06
909 400 1e-06
909 530 1e-06
909 298 1e-06
909 532 1e-06
909 50 1e-06
909 61 1e-06
909 534 1e-06
909 299 1e-06
909 536 1e-06
909 300 1e-06
909 565 1e-06
909 301 1e-06
909 567 1e-06
909 571 1e-06
909 572 1e-06
909 569 1e-06
909 570 1e-06
909 602 1e-06
909 82 1e-06
909 83 1e-06
909 603 1e-06
909 600 1e-06
909 601 1e-06
909 606 1e-06
909 607 1e-06
909 604 1e-06
909 605 1e-06
909 610 1e-06
909 611 1e-06
909 608 1e-06
909 609 1e-06
909 302 1e-06
909 303 1e-06
909 256 1e-06
909 346 1e-06
909 348 1e-06
909 257 1e-06
909 98 1e-06
909 99 1e-06
909 304 1e-06
909 305 1e-06
909 108 1e-06
909 350 1e-06
909 352 1e-06
909 109 1e-06
909 260 1e-06
909 261 1e-06
909 75 1e-06
909 73 1e-06
909 306 1e-06
909 307 1e-06
909 624 1e-06
909 612 1e-06
909 625 1e-06
909 613 1e-06
909 616 1e-06
909 620 1e-06
909 617 1e-06
909 621 1e-06
909 202 1e-06
909 192 1e-06
909 852 1e-06
909 204 1e-06
909 231 1e-06
909 10 1e-06
909 12 1e-06
909 14 1e-06
909 16 1e-06
909 417 1e-06
909 431 1e-06
909 8 1e-06
909 432 1e-06
909 419 1e-06
909 323 1e-06
909 498 1e-06
909 499 1e-06
909 334 1e-06
909 324 1e-06
909 546 1e-06
909 207 1e-06
909 325 1e-06
909 581 1e-06
909 362 1e-06
909 683 1e-06
909 684 1e-06
909 369 1e-06
909 326 1e-06
909 861 1e-06
909 380 1e-06
909 889 1e-06
909 890 1e-06
909 208 1e-06
909 237 1e-06
909 239 1e-06
909 161 1e-06
909 162 1e-06
909 163 1e-06
909 164 1e-06
909 805 1e-06
909 802 1e-06
909 238 1e-06
909 240 1e-06
909 170 1e-06
909 171 1e-06
909 172 1e-06
909 173 1e-06
909 831 1e-06
909 203 1e-06
909 263 1e-06
909 421 1e-06
909 141 1e-06
909 139 1e-06
909 760 1e-06
909 196 1e-06
909 185 1e-06
909 190 1e-06
909 186 1e-06
909 191 1e-06
909 152 1e-06
909 145 1e-06
909 144 1e-06
909 244 1e-06
909 147 1e-06
909 148 1e-06
909 392 1e-06
909 398 1e-06
909 49 1e-06
909 55 1e-06
909 110 1e-06
909 126 1e-06
909 125 1e-06
909 639 1e-06
909 119 1e-06
909 134 1e-06
909 133 1e-06
909 118 1e-06
909 120 1e-06
909 121 1e-06
909 136 1e-06
909 135 1e-06
909 714 1e-06
909 123 1e-06
909 138 1e-06
909 137 1e-06
909 122 1e-06
909 124 1e-06
909 344 1e-06
909 271 1e-06
909 269 1e-06
909 342 1e-06
909 267 1e-06
909 265 1e-06
909 353 1e-06
909 287 1e-06
909 284 1e-06
909 351 1e-06
909 282 1e-06
909 280 1e-06
909 357 1e-06
909 360 1e-06
909 364 1e-06
909 366 1e-06
909 377 1e-06
909 379 1e-06
909 378 1e-06
909 57 1e-06
909 383 1e-06
909 410 1e-06
909 409 1e-06
909 533 1e-06
909 37 1e-06
909 36 1e-06
909 537 1e-06
909 384 1e-06
909 58 1e-06
909 566 1e-06
909 22 1e-06
909 21 1e-06
909 568 1e-06
909 42 1e-06
909 41 1e-06
909 18 1e-06
909 33 1e-06
909 68 1e-06
909 81 1e-06
909 85 1e-06
909 87 1e-06
909 93 1e-06
909 90 1e-06
909 91 1e-06
909 95 1e-06
909 101 1e-06
909 105 1e-06
909 70 1e-06
909 74 1e-06
909 627 1e-06
909 615 1e-06
909 193 1e-06
909 205 1e-06
909 233 1e-06
909 234 1e-06
909 235 1e-06
909 226 1e-06
909 881 1e-06
909 218 1e-06
909 9 1e-06
909 11 1e-06
909 13 1e-06
909 15 1e-06
910 423 1e-06
910 180 1e-06
910 401 1e-06
910 202 1e-06
910 414 1e-06
910 415 1e-06
910 413 1e-06
910 412 1e-06
910 323 1e-06
910 422 1e-06
910 424 1e-06
910 419 1e-06
910 448 1e-06
910 286 1e-06
910 447 1e-06
910 275 1e-06
910 446 1e-06
910 8 1e-06
910 450 1e-06
910 449 1e-06
910 427 1e-06
910 426 1e-06
910 425 1e-06
910 264 1e-06
910 436 1e-06
910 441 1e-06
910 429 1e-06
910 430 1e-06
910 438 1e-06
910 440 1e-06
910 442 1e-06
910 443 1e-06
910 417 1e-06
910 491 1e-06
910 515 1e-06
910 297 1e-06
910 514 1e-06
910 513 1e-06
910 327 1e-06
910 517 1e-06
910 334 1e-06
910 516 1e-06
910 494 1e-06
910 493 1e-06
910 492 1e-06
910 328 1e-06
910 503 1e-06
910 508 1e-06
910 496 1e-06
910 497 1e-06
910 505 1e-06
910 507 1e-06
910 509 1e-06
910 510 1e-06
910 206 1e-06
910 207 1e-06
910 324 1e-06
910 538 1e-06
910 562 1e-06
910 308 1e-06
910 561 1e-06
910 560 1e-06
910 331 1e-06
910 564 1e-06
910 563 1e-06
910 541 1e-06
910 540 1e-06
910 539 1e-06
910 332 1e-06
910 550 1e-06
910 555 1e-06
910 543 1e-06
910 544 1e-06
910 552 1e-06
910 554 1e-06
910 556 1e-06
910 557 1e-06
910 362 1e-06
910 325 1e-06
910 573 1e-06
910 597 1e-06
910 318 1e-06
910 596 1e-06
910 335 1e-06
910 595 1e-06
910 599 1e-06
910 598 1e-06
910 576 1e-06
910 575 1e-06
910 574 1e-06
910 337 1e-06
910 585 1e-06
910 590 1e-06
910 578 1e-06
910 579 1e-06
910 587 1e-06
910 589 1e-06
910 591 1e-06
910 592 1e-06
910 369 1e-06
910 676 1e-06
910 700 1e-06
910 321 1e-06
910 699 1e-06
910 320 1e-06
910 698 1e-06
910 702 1e-06
910 701 1e-06
910 679 1e-06
910 678 1e-06
910 677 1e-06
910 319 1e-06
910 688 1e-06
910 693 1e-06
910 681 1e-06
910 682 1e-06
910 690 1e-06
910 692 1e-06
910 694 1e-06
910 695 1e-06
910 380 1e-06
910 853 1e-06
910 877 1e-06
910 879 1e-06
910 876 1e-06
910 339 1e-06
910 326 1e-06
910 875 1e-06
910 880 1e-06
910 390 1e-06
910 878 1e-06
910 856 1e-06
910 855 1e-06
910 854 1e-06
910 341 1e-06
910 865 1e-06
910 870 1e-06
910 858 1e-06
910 859 1e-06
910 867 1e-06
910 869 1e-06
910 871 1e-06
910 872 1e-06
910 208 1e-06
910 882 1e-06
910 906 1e-06
910 316 1e-06
910 905 1e-06
910 904 1e-06
910 248 1e-06
910 908 1e-06
910 249 1e-06
910 907 1e-06
910 885 1e-06
910 884 1e-06
910 883 1e-06
910 894 1e-06
910 899 1e-06
910 887 1e-06
910 888 1e-06
910 896 1e-06
910 898 1e-06
910 900 1e-06
910 901 1e-06
910 209 1e-06
910 165 1e-06
910 159 1e-06
910 822 1e-06
910 314 1e-06
910 820 1e-06
910 801 1e-06
910 823 1e-06
910 166 1e-06
910 821 1e-06
910 800 1e-06
910 799 1e-06
910 824 1e-06
910 317 1e-06
910 813 1e-06
910 812 1e-06
910 818 1e-06
910 817 1e-06
910 814 1e-06
910 807 1e-06
910 806 1e-06
910 819 1e-06
910 129 1e-06
910 237 1e-06
910 239 1e-06
910 160 1e-06
910 161 1e-06
910 162 1e-06
910 163 1e-06
910 164 1e-06
910 253 1e-06
910 158 1e-06
910 174 1e-06
910 168 1e-06
910 203 1e-06
910 114 1e-06
910 848 1e-06
910 315 1e-06
910 846 1e-06
910 827 1e-06
910 849 1e-06
910 175 1e-06
910 847 1e-06
910 826 1e-06
910 825 1e-06
910 850 1e-06
910 115 1e-06
910 839 1e-06
910 838 1e-06
910 844 1e-06
910 843 1e-06
910 840 1e-06
910 833 1e-06
910 832 1e-06
910 845 1e-06
910 130 1e-06
910 238 1e-06
910 240 1e-06
910 169 1e-06
910 170 1e-06
910 171 1e-06
910 172 1e-06
910 173 1e-06
910 252 1e-06
910 167 1e-06
910 421 1e-06
910 142 1e-06
910 754 1e-06
910 313 1e-06
910 752 1e-06
910 753 1e-06
910 783 1e-06
910 782 1e-06
910 784 1e-06
910 781 1e-06
910 755 1e-06
910 243 1e-06
910 263 1e-06
910 139 1e-06
910 141 1e-06
910 140 1e-06
910 785 1e-06
910 780 1e-06
910 751 1e-06
910 769 1e-06
910 764 1e-06
910 777 1e-06
910 778 1e-06
910 773 1e-06
910 770 1e-06
910 768 1e-06
910 766 1e-06
910 758 1e-06
910 757 1e-06
910 196 1e-06
910 187 1e-06
910 186 1e-06
910 182 1e-06
910 181 1e-06
910 183 1e-06
910 188 1e-06
910 189 1e-06
910 194 1e-06
910 195 1e-06
910 184 1e-06
910 851 1e-06
910 185 1e-06
910 190 1e-06
910 191 1e-06
910 262 1e-06
910 144 1e-06
910 244 1e-06
910 147 1e-06
910 796 1e-06
910 797 1e-06
910 798 1e-06
910 145 1e-06
910 150 1e-06
910 153 1e-06
910 795 1e-06
910 148 1e-06
910 151 1e-06
910 794 1e-06
910 242 1e-06
910 255 1e-06
910 146 1e-06
910 149 1e-06
910 787 1e-06
910 143 1e-06
910 152 1e-06
910 483 1e-06
910 484 1e-06
910 392 1e-06
910 485 1e-06
910 486 1e-06
910 387 1e-06
910 388 1e-06
910 397 1e-06
910 487 1e-06
910 488 1e-06
910 398 1e-06
910 489 1e-06
910 490 1e-06
910 389 1e-06
910 391 1e-06
910 399 1e-06
910 518 1e-06
910 519 1e-06
910 25 1e-06
910 26 1e-06
910 520 1e-06
910 521 1e-06
910 27 1e-06
910 28 1e-06
910 522 1e-06
910 523 1e-06
910 49 1e-06
910 524 1e-06
910 525 1e-06
910 45 1e-06
910 46 1e-06
910 54 1e-06
910 526 1e-06
910 527 1e-06
910 55 1e-06
910 528 1e-06
910 529 1e-06
910 47 1e-06
910 48 1e-06
910 56 1e-06
910 647 1e-06
910 649 1e-06
910 651 1e-06
910 110 1e-06
910 646 1e-06
910 628 1e-06
910 629 1e-06
910 648 1e-06
910 650 1e-06
910 639 1e-06
910 309 1e-06
910 630 1e-06
910 310 1e-06
910 634 1e-06
910 632 1e-06
910 642 1e-06
910 641 1e-06
910 637 1e-06
910 644 1e-06
910 126 1e-06
910 125 1e-06
910 671 1e-06
910 673 1e-06
910 675 1e-06
910 118 1e-06
910 120 1e-06
910 119 1e-06
910 670 1e-06
910 652 1e-06
910 653 1e-06
910 672 1e-06
910 674 1e-06
910 663 1e-06
910 197 1e-06
910 654 1e-06
910 198 1e-06
910 658 1e-06
910 656 1e-06
910 666 1e-06
910 665 1e-06
910 661 1e-06
910 668 1e-06
910 134 1e-06
910 133 1e-06
910 722 1e-06
910 724 1e-06
910 726 1e-06
910 121 1e-06
910 721 1e-06
910 703 1e-06
910 704 1e-06
910 723 1e-06
910 725 1e-06
910 714 1e-06
910 311 1e-06
910 705 1e-06
910 312 1e-06
910 709 1e-06
910 707 1e-06
910 717 1e-06
910 716 1e-06
910 712 1e-06
910 719 1e-06
910 136 1e-06
910 135 1e-06
910 746 1e-06
910 748 1e-06
910 750 1e-06
910 122 1e-06
910 124 1e-06
910 123 1e-06
910 745 1e-06
910 727 1e-06
910 728 1e-06
910 747 1e-06
910 749 1e-06
910 738 1e-06
910 199 1e-06
910 729 1e-06
910 200 1e-06
910 733 1e-06
910 731 1e-06
910 741 1e-06
910 740 1e-06
910 736 1e-06
910 743 1e-06
910 138 1e-06
910 137 1e-06
910 271 1e-06
910 272 1e-06
910 344 1e-06
910 269 1e-06
910 270 1e-06
910 267 1e-06
910 268 1e-06
910 342 1e-06
910 265 1e-06
910 266 1e-06
910 278 1e-06
910 333 1e-06
910 279 1e-06
910 349 1e-06
910 336 1e-06
910 276 1e-06
910 277 1e-06
910 368 1e-06
910 371 1e-06
910 347 1e-06
910 273 1e-06
910 274 1e-06
910 287 1e-06
910 288 1e-06
910 353 1e-06
910 284 1e-06
910 285 1e-06
910 282 1e-06
910 283 1e-06
910 351 1e-06
910 280 1e-06
910 281 1e-06
910 373 1e-06
910 338 1e-06
910 375 1e-06
910 356 1e-06
910 340 1e-06
910 293 1e-06
910 294 1e-06
910 291 1e-06
910 292 1e-06
910 355 1e-06
910 289 1e-06
910 290 1e-06
910 358 1e-06
910 357 1e-06
910 453 1e-06
910 454 1e-06
910 451 1e-06
910 452 1e-06
910 363 1e-06
910 360 1e-06
910 457 1e-06
910 370 1e-06
910 372 1e-06
910 458 1e-06
910 455 1e-06
910 456 1e-06
910 365 1e-06
910 258 1e-06
910 259 1e-06
910 364 1e-06
910 461 1e-06
910 462 1e-06
910 459 1e-06
910 460 1e-06
910 367 1e-06
910 374 1e-06
910 376 1e-06
910 366 1e-06
910 465 1e-06
910 466 1e-06
910 463 1e-06
910 464 1e-06
910 359 1e-06
910 354 1e-06
910 345 1e-06
910 296 1e-06
910 295 1e-06
910 343 1e-06
910 479 1e-06
910 467 1e-06
910 378 1e-06
910 377 1e-06
910 480 1e-06
910 468 1e-06
910 482 1e-06
910 470 1e-06
910 471 1e-06
910 475 1e-06
910 474 1e-06
910 478 1e-06
910 329 1e-06
910 330 1e-06
910 472 1e-06
910 476 1e-06
910 379 1e-06
910 210 1e-06
910 361 1e-06
910 481 1e-06
910 469 1e-06
910 473 1e-06
910 477 1e-06
910 393 1e-06
910 400 1e-06
910 530 1e-06
910 57 1e-06
910 383 1e-06
910 404 1e-06
910 531 1e-06
910 381 1e-06
910 382 1e-06
910 298 1e-06
910 532 1e-06
910 410 1e-06
910 409 1e-06
910 533 1e-06
910 407 1e-06
910 408 1e-06
910 50 1e-06
910 61 1e-06
910 534 1e-06
910 37 1e-06
910 36 1e-06
910 62 1e-06
910 535 1e-06
910 34 1e-06
910 35 1e-06
910 299 1e-06
910 536 1e-06
910 384 1e-06
910 58 1e-06
910 537 1e-06
910 385 1e-06
910 386 1e-06
910 396 1e-06
910 300 1e-06
910 565 1e-06
910 22 1e-06
910 21 1e-06
910 566 1e-06
910 23 1e-06
910 24 1e-06
910 301 1e-06
910 567 1e-06
910 42 1e-06
910 41 1e-06
910 568 1e-06
910 43 1e-06
910 44 1e-06
910 53 1e-06
910 402 1e-06
910 405 1e-06
910 394 1e-06
910 403 1e-06
910 59 1e-06
910 406 1e-06
910 31 1e-06
910 60 1e-06
910 395 1e-06
910 32 1e-06
910 411 1e-06
910 17 1e-06
910 18 1e-06
910 19 1e-06
910 20 1e-06
910 33 1e-06
910 29 1e-06
910 30 1e-06
910 63 1e-06
910 64 1e-06
910 51 1e-06
910 65 1e-06
910 40 1e-06
910 66 1e-06
910 38 1e-06
910 39 1e-06
910 52 1e-06
910 571 1e-06
910 68 1e-06
910 67 1e-06
910 572 1e-06
910 569 1e-06
910 570 1e-06
910 602 1e-06
910 81 1e-06
910 80 1e-06
910 82 1e-06
910 83 1e-06
910 603 1e-06
910 600 1e-06
910 601 1e-06
910 606 1e-06
910 85 1e-06
910 84 1e-06
910 607 1e-06
910 604 1e-06
910 605 1e-06
910 88 1e-06
910 89 1e-06
910 610 1e-06
910 87 1e-06
910 86 1e-06
910 611 1e-06
910 608 1e-06
910 609 1e-06
910 302 1e-06
910 303 1e-06
910 93 1e-06
910 91 1e-06
910 92 1e-06
910 90 1e-06
910 256 1e-06
910 346 1e-06
910 348 1e-06
910 257 1e-06
910 97 1e-06
910 95 1e-06
910 96 1e-06
910 98 1e-06
910 99 1e-06
910 94 1e-06
910 304 1e-06
910 305 1e-06
910 103 1e-06
910 101 1e-06
910 102 1e-06
910 100 1e-06
910 108 1e-06
910 350 1e-06
910 352 1e-06
910 109 1e-06
910 107 1e-06
910 105 1e-06
910 260 1e-06
910 261 1e-06
910 106 1e-06
910 104 1e-06
910 75 1e-06
910 70 1e-06
910 72 1e-06
910 69 1e-06
910 73 1e-06
910 306 1e-06
910 307 1e-06
910 74 1e-06
910 71 1e-06
910 624 1e-06
910 612 1e-06
910 625 1e-06
910 613 1e-06
910 627 1e-06
910 615 1e-06
910 616 1e-06
910 620 1e-06
910 619 1e-06
910 623 1e-06
910 78 1e-06
910 76 1e-06
910 79 1e-06
910 77 1e-06
910 236 1e-06
910 617 1e-06
910 621 1e-06
910 626 1e-06
910 614 1e-06
910 618 1e-06
910 622 1e-06
910 128 1e-06
910 154 1e-06
910 157 1e-06
910 155 1e-06
910 111 1e-06
910 112 1e-06
910 201 1e-06
910 113 1e-06
910 127 1e-06
910 241 1e-06
910 156 1e-06
910 251 1e-06
910 179 1e-06
910 116 1e-06
910 117 1e-06
910 132 1e-06
910 178 1e-06
910 176 1e-06
910 131 1e-06
910 177 1e-06
910 192 1e-06
910 193 1e-06
910 852 1e-06
910 205 1e-06
910 222 1e-06
910 223 1e-06
910 233 1e-06
910 234 1e-06
910 224 1e-06
910 225 1e-06
910 235 1e-06
910 204 1e-06
910 211 1e-06
910 214 1e-06
910 213 1e-06
910 212 1e-06
910 226 1e-06
910 231 1e-06
910 218 1e-06
910 881 1e-06
910 220 1e-06
910 219 1e-06
910 221 1e-06
910 232 1e-06
910 228 1e-06
910 227 1e-06
910 215 1e-06
910 216 1e-06
910 217 1e-06
910 230 1e-06
910 229 1e-06
910 245 1e-06
910 246 1e-06
910 247 1e-06
910 250 1e-06
910 9 1e-06
910 10 1e-06
910 11 1e-06
910 12 1e-06
910 13 1e-06
910 14 1e-06
910 15 1e-06
910 16 1e-06
910 910 1
910 431 1e-06
910 432 1e-06
910 437 1e-06
910 439 1e-06
910 428 1e-06
910 433 1e-06
910 498 1e-06
910 499 1e-06
910 504 1e-06
910 506 1e-06
910 495 1e-06
910 500 1e-06
910 545 1e-06
910 546 1e-06
910 551 1e-06
910 553 1e-06
910 542 1e-06
910 547 1e-06
910 580 1e-06
910 581 1e-06
910 586 1e-06
910 588 1e-06
910 577 1e-06
910 582 1e-06
910 683 1e-06
910 684 1e-06
910 689 1e-06
910 691 1e-06
910 680 1e-06
910 685 1e-06
910 860 1e-06
910 861 1e-06
910 866 1e-06
910 868 1e-06
910 857 1e-06
910 862 1e-06
910 889 1e-06
910 890 1e-06
910 895 1e-06
910 897 1e-06
910 886 1e-06
910 891 1e-06
910 816 1e-06
910 815 1e-06
910 811 1e-06
910 810 1e-06
910 805 1e-06
910 802 1e-06
910 842 1e-06
910 841 1e-06
910 837 1e-06
910 836 1e-06
910 831 1e-06
910 828 1e-06
910 775 1e-06
910 774 1e-06
910 772 1e-06
910 771 1e-06
910 761 1e-06
910 756 1e-06
910 767 1e-06
910 765 1e-06
910 760 1e-06
910 759 1e-06
910 643 1e-06
910 645 1e-06
910 667 1e-06
910 669 1e-06
910 718 1e-06
910 720 1e-06
910 742 1e-06
910 744 1e-06
911 7 1e-06
911 8 1e-06
911 911 1
912 418 1e-06
912 419 1e-06
912 912 1
913 420 1e-06
913 421 1e-06
913 913 1
914 9 1e-06
914 423 1e-06
914 914 1
914 422 1e-06
914 10 1e-06
915 322 1e-06
915 909 1e-06
915 915 1
916 416 1e-06
916 196 1e-06
916 916 1
917 5 1e-06
917 325 1e-06
917 917 1
918 6 1e-06
918 326 1e-06
918 918 1
919 2 1e-06
919 324 1e-06
919 919 1
920 3 1e-06
920 203 1e-06
920 920 1
0 0 0
