advise 587 NODE CIRCUIT                               
587	real
1 1 1
2 2 1
2 3 1e-06
2 5 1e-06
2 273 1e-06
2 272 1e-06
2 245 1e-06
2 274 1e-06
2 8 1e-06
2 7 1e-06
3 3 1
3 2 1e-06
3 4 1e-06
3 272 1e-06
3 9 1e-06
4 4 1
4 3 1e-06
4 272 1e-06
4 38 1e-06
4 30 1e-06
5 5 1
5 2 1e-06
5 17 1e-06
5 272 1e-06
5 6 1e-06
6 6 1
6 279 1e-06
6 17 1e-06
6 272 1e-06
6 5 1e-06
7 7 1
7 10 1e-06
7 273 1e-06
7 272 1e-06
7 2 1e-06
7 8 1e-06
8 8 1
8 239 1e-06
8 9 1e-06
8 2 1e-06
8 272 1e-06
8 7 1e-06
9 9 1
9 8 1e-06
9 3 1e-06
9 272 1e-06
10 10 1
10 7 1e-06
10 11 1e-06
10 272 1e-06
10 31 1e-06
10 32 1e-06
11 11 1
11 10 1e-06
11 243 1e-06
11 272 1e-06
11 12 1e-06
11 15 1e-06
11 14 1e-06
11 13 1e-06
12 12 1
12 279 1e-06
12 243 1e-06
12 272 1e-06
12 11 1e-06
13 13 1
13 14 1e-06
13 273 1e-06
13 272 1e-06
13 11 1e-06
13 22 1e-06
13 16 1e-06
13 23 1e-06
13 19 1e-06
14 14 1
14 13 1e-06
14 17 1e-06
14 11 1e-06
14 272 1e-06
14 15 1e-06
15 15 1
15 274 1e-06
15 11 1e-06
15 272 1e-06
15 14 1e-06
16 16 1
16 279 1e-06
16 22 1e-06
16 272 1e-06
16 13 1e-06
17 17 1
17 14 1e-06
17 18 1e-06
17 272 1e-06
17 5 1e-06
17 6 1e-06
18 18 1
18 17 1e-06
18 272 1e-06
18 30 1e-06
18 279 1e-06
19 19 1
19 279 1e-06
19 23 1e-06
19 272 1e-06
19 13 1e-06
20 20 1
20 21 1e-06
20 24 1e-06
20 273 1e-06
20 272 1e-06
20 245 1e-06
20 274 1e-06
21 21 1
21 20 1e-06
21 22 1e-06
21 272 1e-06
21 33 1e-06
21 34 1e-06
22 22 1
22 21 1e-06
22 23 1e-06
22 272 1e-06
22 13 1e-06
22 16 1e-06
23 23 1
23 22 1e-06
23 272 1e-06
23 13 1e-06
23 19 1e-06
24 24 1
24 20 1e-06
24 26 1e-06
24 272 1e-06
24 25 1e-06
25 25 1
25 279 1e-06
25 26 1e-06
25 272 1e-06
25 24 1e-06
26 26 1
26 27 1e-06
26 28 1e-06
26 273 1e-06
26 272 1e-06
26 24 1e-06
26 25 1e-06
27 27 1
27 26 1e-06
27 29 1e-06
27 272 1e-06
27 37 1e-06
28 28 1
28 26 1e-06
28 245 1e-06
28 272 1e-06
28 279 1e-06
29 29 1
29 30 1e-06
29 273 1e-06
29 272 1e-06
29 37 1e-06
29 27 1e-06
30 30 1
30 29 1e-06
30 4 1e-06
30 272 1e-06
30 38 1e-06
30 18 1e-06
30 279 1e-06
31 31 1
31 274 1e-06
31 10 1e-06
31 272 1e-06
31 32 1e-06
32 32 1
32 222 1e-06
32 10 1e-06
32 272 1e-06
32 31 1e-06
33 33 1
33 222 1e-06
33 21 1e-06
33 272 1e-06
33 34 1e-06
34 34 1
34 279 1e-06
34 21 1e-06
34 272 1e-06
34 33 1e-06
35 35 1
35 222 1e-06
35 243 1e-06
35 272 1e-06
35 36 1e-06
36 36 1
36 279 1e-06
36 243 1e-06
36 272 1e-06
36 35 1e-06
37 37 1
37 274 1e-06
37 29 1e-06
37 272 1e-06
37 27 1e-06
38 38 1
38 239 1e-06
38 4 1e-06
38 272 1e-06
38 30 1e-06
39 39 1
39 273 1e-06
39 272 1e-06
39 254 1e-06
39 274 1e-06
39 40 1e-06
39 41 1e-06
40 40 1
40 273 1e-06
40 272 1e-06
40 39 1e-06
40 274 1e-06
40 41 1e-06
41 41 1
41 273 1e-06
41 272 1e-06
41 39 1e-06
41 40 1e-06
41 274 1e-06
41 42 1e-06
41 46 1e-06
41 45 1e-06
41 52 1e-06
42 42 1
42 43 1e-06
42 273 1e-06
42 272 1e-06
42 41 1e-06
42 46 1e-06
42 53 1e-06
43 43 1
43 42 1e-06
43 44 1e-06
43 274 1e-06
43 272 1e-06
44 44 1
44 43 1e-06
44 236 1e-06
44 272 1e-06
45 45 1
45 46 1e-06
45 47 1e-06
45 50 1e-06
45 273 1e-06
45 272 1e-06
45 41 1e-06
46 46 1
46 45 1e-06
46 41 1e-06
46 272 1e-06
46 42 1e-06
47 47 1
47 45 1e-06
47 54 1e-06
47 272 1e-06
47 51 1e-06
48 48 1
48 274 1e-06
48 50 1e-06
48 272 1e-06
48 235 1e-06
49 49 1
49 51 1e-06
49 279 1e-06
49 55 1e-06
49 272 1e-06
49 238 1e-06
50 50 1
50 45 1e-06
50 272 1e-06
50 48 1e-06
50 235 1e-06
51 51 1
51 49 1e-06
51 279 1e-06
51 54 1e-06
51 272 1e-06
51 47 1e-06
52 52 1
52 273 1e-06
52 272 1e-06
52 41 1e-06
52 53 1e-06
53 53 1
53 273 1e-06
53 272 1e-06
53 52 1e-06
53 42 1e-06
54 54 1
54 271 1e-06
54 272 1e-06
54 47 1e-06
54 51 1e-06
55 55 1
55 271 1e-06
55 272 1e-06
55 238 1e-06
55 49 1e-06
56 56 1
56 274 1e-06
56 237 1e-06
56 272 1e-06
56 240 1e-06
57 57 1
57 279 1e-06
57 58 1e-06
57 272 1e-06
57 240 1e-06
58 58 1
58 271 1e-06
58 272 1e-06
58 240 1e-06
58 57 1e-06
59 59 1
59 274 1e-06
59 66 1e-06
59 273 1e-06
59 272 1e-06
59 68 1e-06
59 69 1e-06
59 71 1e-06
60 60 1
60 71 1e-06
60 272 1e-06
60 274 1e-06
60 61 1e-06
61 61 1
61 244 1e-06
61 60 1e-06
61 272 1e-06
61 274 1e-06
61 68 1e-06
61 63 1e-06
62 62 1
62 75 1e-06
62 273 1e-06
62 272 1e-06
62 74 1e-06
62 73 1e-06
62 79 1e-06
62 80 1e-06
62 91 1e-06
62 279 1e-06
63 63 1
63 279 1e-06
63 68 1e-06
63 272 1e-06
63 61 1e-06
64 64 1
64 68 1e-06
64 78 1e-06
64 273 1e-06
64 272 1e-06
65 65 1
65 274 1e-06
65 75 1e-06
65 272 1e-06
65 66 1e-06
66 66 1
66 59 1e-06
66 75 1e-06
66 272 1e-06
66 65 1e-06
67 67 1
67 74 1e-06
67 82 1e-06
67 273 1e-06
67 272 1e-06
67 72 1e-06
67 86 1e-06
67 87 1e-06
68 68 1
68 64 1e-06
68 272 1e-06
68 61 1e-06
68 63 1e-06
68 59 1e-06
68 69 1e-06
69 69 1
69 279 1e-06
69 68 1e-06
69 272 1e-06
69 59 1e-06
70 70 1
70 81 1e-06
70 80 1e-06
70 273 1e-06
70 272 1e-06
70 78 1e-06
70 279 1e-06
71 71 1
71 75 1e-06
71 60 1e-06
71 272 1e-06
71 59 1e-06
72 72 1
72 87 1e-06
72 273 1e-06
72 272 1e-06
72 86 1e-06
72 67 1e-06
72 88 1e-06
72 90 1e-06
72 89 1e-06
73 73 1
73 274 1e-06
73 74 1e-06
73 272 1e-06
73 62 1e-06
74 74 1
74 67 1e-06
74 272 1e-06
74 73 1e-06
74 62 1e-06
75 75 1
75 62 1e-06
75 71 1e-06
75 272 1e-06
75 65 1e-06
75 66 1e-06
76 76 1
76 274 1e-06
76 79 1e-06
76 77 1e-06
76 272 1e-06
76 78 1e-06
77 77 1
77 222 1e-06
77 272 1e-06
77 76 1e-06
77 78 1e-06
78 78 1
78 64 1e-06
78 77 1e-06
78 272 1e-06
78 76 1e-06
78 70 1e-06
78 279 1e-06
79 79 1
79 76 1e-06
79 86 1e-06
79 62 1e-06
79 272 1e-06
79 80 1e-06
80 80 1
80 70 1e-06
80 62 1e-06
80 272 1e-06
80 79 1e-06
81 81 1
81 70 1e-06
81 242 1e-06
81 272 1e-06
81 279 1e-06
82 82 1
82 67 1e-06
82 83 1e-06
82 272 1e-06
82 85 1e-06
83 83 1
83 84 1e-06
83 91 1e-06
83 272 1e-06
83 82 1e-06
83 85 1e-06
84 84 1
84 93 1e-06
84 83 1e-06
85 85 1
85 279 1e-06
85 83 1e-06
85 272 1e-06
85 82 1e-06
86 86 1
86 88 1e-06
86 79 1e-06
86 72 1e-06
86 272 1e-06
86 67 1e-06
87 87 1
87 72 1e-06
87 272 1e-06
87 67 1e-06
88 88 1
88 90 1e-06
88 86 1e-06
88 72 1e-06
88 272 1e-06
89 89 1
89 90 1e-06
89 272 1e-06
89 72 1e-06
90 90 1
90 89 1e-06
90 88 1e-06
90 272 1e-06
90 72 1e-06
91 91 1
91 83 1e-06
91 272 1e-06
91 62 1e-06
91 279 1e-06
92 92 1
92 244 1e-06
92 93 1e-06
92 272 1e-06
92 94 1e-06
93 93 1
93 95 1e-06
93 84 1e-06
93 272 1e-06
93 92 1e-06
93 94 1e-06
94 94 1
94 279 1e-06
94 93 1e-06
94 272 1e-06
94 92 1e-06
95 95 1
95 242 1e-06
95 93 1e-06
95 272 1e-06
95 244 1e-06
95 96 1e-06
96 96 1
96 279 1e-06
96 95 1e-06
96 272 1e-06
96 244 1e-06
97 97 1
97 99 1e-06
97 98 1e-06
97 273 1e-06
97 272 1e-06
97 107 1e-06
97 170 1e-06
97 104 1e-06
98 98 1
98 97 1e-06
98 103 1e-06
98 272 1e-06
98 158 1e-06
99 99 1
99 97 1e-06
99 100 1e-06
100 100 1
100 99 1e-06
100 272 1e-06
100 173 1e-06
100 134 1e-06
101 101 1
101 102 1e-06
101 103 1e-06
101 105 1e-06
101 273 1e-06
101 272 1e-06
102 102 1
102 101 1e-06
102 272 1e-06
102 157 1e-06
102 256 1e-06
103 103 1
103 101 1e-06
103 104 1e-06
103 272 1e-06
103 158 1e-06
103 98 1e-06
104 104 1
104 103 1e-06
104 272 1e-06
104 97 1e-06
105 105 1
105 101 1e-06
105 106 1e-06
106 106 1
106 105 1e-06
106 129 1e-06
106 272 1e-06
106 110 1e-06
106 138 1e-06
106 279 1e-06
107 107 1
107 108 1e-06
107 109 1e-06
107 273 1e-06
107 272 1e-06
107 97 1e-06
107 170 1e-06
108 108 1
108 107 1e-06
108 272 1e-06
108 156 1e-06
108 169 1e-06
109 109 1
109 107 1e-06
109 178 1e-06
109 272 1e-06
109 160 1e-06
109 119 1e-06
109 170 1e-06
110 110 1
110 111 1e-06
110 113 1e-06
110 114 1e-06
110 115 1e-06
110 273 1e-06
110 272 1e-06
110 129 1e-06
110 106 1e-06
111 111 1
111 110 1e-06
111 112 1e-06
112 112 1
112 111 1e-06
112 272 1e-06
112 161 1e-06
112 120 1e-06
113 113 1
113 110 1e-06
113 179 1e-06
113 272 1e-06
113 279 1e-06
114 114 1
114 110 1e-06
114 129 1e-06
114 272 1e-06
115 115 1
115 110 1e-06
115 116 1e-06
115 117 1e-06
115 141 1e-06
115 272 1e-06
115 172 1e-06
116 116 1
116 115 1e-06
116 123 1e-06
116 272 1e-06
116 162 1e-06
117 117 1
117 115 1e-06
117 125 1e-06
117 272 1e-06
118 118 1
118 119 1e-06
118 120 1e-06
118 121 1e-06
118 273 1e-06
118 272 1e-06
119 119 1
119 118 1e-06
119 272 1e-06
119 109 1e-06
119 170 1e-06
120 120 1
120 118 1e-06
120 112 1e-06
120 272 1e-06
120 161 1e-06
121 121 1
121 118 1e-06
121 183 1e-06
121 272 1e-06
121 171 1e-06
122 122 1
122 123 1e-06
122 124 1e-06
122 125 1e-06
122 126 1e-06
122 273 1e-06
122 272 1e-06
123 123 1
123 122 1e-06
123 272 1e-06
123 162 1e-06
123 116 1e-06
124 124 1
124 122 1e-06
124 272 1e-06
124 163 1e-06
124 126 1e-06
125 125 1
125 122 1e-06
125 272 1e-06
125 117 1e-06
126 126 1
126 122 1e-06
126 127 1e-06
126 124 1e-06
126 272 1e-06
126 163 1e-06
127 127 1
127 126 1e-06
127 165 1e-06
127 272 1e-06
127 164 1e-06
128 128 1
128 129 1e-06
128 130 1e-06
128 273 1e-06
128 272 1e-06
129 129 1
129 128 1e-06
129 272 1e-06
129 114 1e-06
129 110 1e-06
129 106 1e-06
130 130 1
130 128 1e-06
130 131 1e-06
130 132 1e-06
130 133 1e-06
130 134 1e-06
131 131 1
131 130 1e-06
131 180 1e-06
131 272 1e-06
131 162 1e-06
132 132 1
132 130 1e-06
132 133 1e-06
132 272 1e-06
132 162 1e-06
133 133 1
133 130 1e-06
133 272 1e-06
133 162 1e-06
133 132 1e-06
134 134 1
134 130 1e-06
134 100 1e-06
134 272 1e-06
134 173 1e-06
135 135 1
135 136 1e-06
135 138 1e-06
135 139 1e-06
135 141 1e-06
135 273 1e-06
135 272 1e-06
136 136 1
136 135 1e-06
136 137 1e-06
137 137 1
137 136 1e-06
137 140 1e-06
137 272 1e-06
137 155 1e-06
137 168 1e-06
138 138 1
138 135 1e-06
138 272 1e-06
138 106 1e-06
138 279 1e-06
139 139 1
139 135 1e-06
139 143 1e-06
139 272 1e-06
139 186 1e-06
140 140 1
140 137 1e-06
140 146 1e-06
140 272 1e-06
140 174 1e-06
141 141 1
141 135 1e-06
141 272 1e-06
141 115 1e-06
141 172 1e-06
142 142 1
142 143 1e-06
142 144 1e-06
142 145 1e-06
142 273 1e-06
142 272 1e-06
143 143 1
143 142 1e-06
143 273 1e-06
143 272 1e-06
143 186 1e-06
143 139 1e-06
144 144 1
144 142 1e-06
144 184 1e-06
144 272 1e-06
144 159 1e-06
145 145 1
145 142 1e-06
145 181 1e-06
145 272 1e-06
145 177 1e-06
146 146 1
146 147 1e-06
146 149 1e-06
146 273 1e-06
146 272 1e-06
146 140 1e-06
146 174 1e-06
147 147 1
147 146 1e-06
147 148 1e-06
148 148 1
148 147 1e-06
148 182 1e-06
148 272 1e-06
148 166 1e-06
149 149 1
149 146 1e-06
149 150 1e-06
150 150 1
150 149 1e-06
150 152 1e-06
150 272 1e-06
150 175 1e-06
151 151 1
151 152 1e-06
151 153 1e-06
151 154 1e-06
152 152 1
152 151 1e-06
152 272 1e-06
152 150 1e-06
152 175 1e-06
153 153 1
153 151 1e-06
153 185 1e-06
153 272 1e-06
153 167 1e-06
154 154 1
154 151 1e-06
154 178 1e-06
154 272 1e-06
154 176 1e-06
155 155 1
155 256 1e-06
155 137 1e-06
155 272 1e-06
155 168 1e-06
156 156 1
156 256 1e-06
156 108 1e-06
156 272 1e-06
156 169 1e-06
157 157 1
157 274 1e-06
157 102 1e-06
157 272 1e-06
157 256 1e-06
158 158 1
158 274 1e-06
158 103 1e-06
158 272 1e-06
158 98 1e-06
159 159 1
159 274 1e-06
159 184 1e-06
159 272 1e-06
159 144 1e-06
160 160 1
160 274 1e-06
160 178 1e-06
160 272 1e-06
160 109 1e-06
161 161 1
161 274 1e-06
161 112 1e-06
161 272 1e-06
161 120 1e-06
162 162 1
162 274 1e-06
162 180 1e-06
162 272 1e-06
162 131 1e-06
162 133 1e-06
162 132 1e-06
162 123 1e-06
162 116 1e-06
163 163 1
163 274 1e-06
163 124 1e-06
163 272 1e-06
163 126 1e-06
164 164 1
164 274 1e-06
164 165 1e-06
164 272 1e-06
164 127 1e-06
165 165 1
165 274 1e-06
165 272 1e-06
165 164 1e-06
165 127 1e-06
166 166 1
166 274 1e-06
166 182 1e-06
166 272 1e-06
166 148 1e-06
167 167 1
167 274 1e-06
167 185 1e-06
167 272 1e-06
167 153 1e-06
168 168 1
168 279 1e-06
168 137 1e-06
168 272 1e-06
168 155 1e-06
169 169 1
169 279 1e-06
169 108 1e-06
169 272 1e-06
169 156 1e-06
170 170 1
170 279 1e-06
170 107 1e-06
170 272 1e-06
170 97 1e-06
170 119 1e-06
170 109 1e-06
171 171 1
171 279 1e-06
171 183 1e-06
171 272 1e-06
171 121 1e-06
172 172 1
172 279 1e-06
172 141 1e-06
172 272 1e-06
172 115 1e-06
173 173 1
173 279 1e-06
173 100 1e-06
173 272 1e-06
173 134 1e-06
174 174 1
174 279 1e-06
174 146 1e-06
174 272 1e-06
174 140 1e-06
175 175 1
175 279 1e-06
175 152 1e-06
175 272 1e-06
175 150 1e-06
176 176 1
176 279 1e-06
176 178 1e-06
176 272 1e-06
176 154 1e-06
177 177 1
177 279 1e-06
177 181 1e-06
177 272 1e-06
177 145 1e-06
178 178 1
178 222 1e-06
178 272 1e-06
178 160 1e-06
178 109 1e-06
178 154 1e-06
178 176 1e-06
179 179 1
179 222 1e-06
179 272 1e-06
179 113 1e-06
179 279 1e-06
180 180 1
180 222 1e-06
180 272 1e-06
180 162 1e-06
180 131 1e-06
181 181 1
181 222 1e-06
181 272 1e-06
181 145 1e-06
181 177 1e-06
182 182 1
182 222 1e-06
182 272 1e-06
182 166 1e-06
182 148 1e-06
183 183 1
183 222 1e-06
183 272 1e-06
183 121 1e-06
183 171 1e-06
184 184 1
184 244 1e-06
184 272 1e-06
184 159 1e-06
184 144 1e-06
185 185 1
185 244 1e-06
185 272 1e-06
185 167 1e-06
185 153 1e-06
186 186 1
186 239 1e-06
186 143 1e-06
186 272 1e-06
186 139 1e-06
187 187 1
187 430 1e-06
187 431 1e-06
187 273 1e-06
187 272 1e-06
187 258 1e-06
187 277 1e-06
188 188 1
188 355 1e-06
188 356 1e-06
188 280 1e-06
188 281 1e-06
188 273 1e-06
188 272 1e-06
188 263 1e-06
188 275 1e-06
189 189 1
189 505 1e-06
189 506 1e-06
189 273 1e-06
189 272 1e-06
189 258 1e-06
189 277 1e-06
190 190 1
190 432 1e-06
190 273 1e-06
190 272 1e-06
190 258 1e-06
190 277 1e-06
190 441 1e-06
190 433 1e-06
191 191 1
191 357 1e-06
191 282 1e-06
191 273 1e-06
191 272 1e-06
191 263 1e-06
191 275 1e-06
191 366 1e-06
191 358 1e-06
191 291 1e-06
191 283 1e-06
192 192 1
192 507 1e-06
192 273 1e-06
192 272 1e-06
192 258 1e-06
192 277 1e-06
192 516 1e-06
192 508 1e-06
193 193 1
193 434 1e-06
193 273 1e-06
193 272 1e-06
193 217 1e-06
193 431 1e-06
194 194 1
194 359 1e-06
194 284 1e-06
194 273 1e-06
194 272 1e-06
194 218 1e-06
194 356 1e-06
194 281 1e-06
195 195 1
195 509 1e-06
195 273 1e-06
195 272 1e-06
195 219 1e-06
195 506 1e-06
196 196 1
196 441 1e-06
196 442 1e-06
196 273 1e-06
196 272 1e-06
196 446 1e-06
197 197 1
197 366 1e-06
197 367 1e-06
197 291 1e-06
197 292 1e-06
197 273 1e-06
197 272 1e-06
197 371 1e-06
197 296 1e-06
198 198 1
198 516 1e-06
198 517 1e-06
198 273 1e-06
198 272 1e-06
198 521 1e-06
199 199 1
199 448 1e-06
199 449 1e-06
199 451 1e-06
199 453 1e-06
199 273 1e-06
199 272 1e-06
199 461 1e-06
200 200 1
200 373 1e-06
200 374 1e-06
200 376 1e-06
200 378 1e-06
200 298 1e-06
200 299 1e-06
200 301 1e-06
200 303 1e-06
200 273 1e-06
200 272 1e-06
200 386 1e-06
200 311 1e-06
201 201 1
201 523 1e-06
201 524 1e-06
201 526 1e-06
201 528 1e-06
201 273 1e-06
201 272 1e-06
201 536 1e-06
202 202 1
202 454 1e-06
202 455 1e-06
202 457 1e-06
202 459 1e-06
202 273 1e-06
202 272 1e-06
202 465 1e-06
203 203 1
203 379 1e-06
203 380 1e-06
203 382 1e-06
203 384 1e-06
203 304 1e-06
203 305 1e-06
203 307 1e-06
203 309 1e-06
203 273 1e-06
203 272 1e-06
203 390 1e-06
203 315 1e-06
204 204 1
204 529 1e-06
204 530 1e-06
204 532 1e-06
204 534 1e-06
204 273 1e-06
204 272 1e-06
204 540 1e-06
205 205 1
205 460 1e-06
205 461 1e-06
205 273 1e-06
205 272 1e-06
205 456 1e-06
205 476 1e-06
206 206 1
206 385 1e-06
206 386 1e-06
206 310 1e-06
206 311 1e-06
206 273 1e-06
206 272 1e-06
206 381 1e-06
206 401 1e-06
206 306 1e-06
206 326 1e-06
207 207 1
207 535 1e-06
207 536 1e-06
207 273 1e-06
207 272 1e-06
207 531 1e-06
207 551 1e-06
208 208 1
208 464 1e-06
208 465 1e-06
208 273 1e-06
208 272 1e-06
208 450 1e-06
208 477 1e-06
209 209 1
209 389 1e-06
209 390 1e-06
209 314 1e-06
209 315 1e-06
209 273 1e-06
209 272 1e-06
209 375 1e-06
209 402 1e-06
209 300 1e-06
209 327 1e-06
210 210 1
210 539 1e-06
210 540 1e-06
210 273 1e-06
210 272 1e-06
210 525 1e-06
210 552 1e-06
211 211 1
211 468 1e-06
211 469 1e-06
211 470 1e-06
211 472 1e-06
211 473 1e-06
211 273 1e-06
211 272 1e-06
211 258 1e-06
211 277 1e-06
212 212 1
212 393 1e-06
212 394 1e-06
212 395 1e-06
212 397 1e-06
212 398 1e-06
212 318 1e-06
212 319 1e-06
212 320 1e-06
212 322 1e-06
212 323 1e-06
212 273 1e-06
212 272 1e-06
212 263 1e-06
212 275 1e-06
213 213 1
213 543 1e-06
213 544 1e-06
213 545 1e-06
213 547 1e-06
213 548 1e-06
213 273 1e-06
213 272 1e-06
213 258 1e-06
213 277 1e-06
214 214 1
214 478 1e-06
214 479 1e-06
214 273 1e-06
214 272 1e-06
214 504 1e-06
214 503 1e-06
215 215 1
215 403 1e-06
215 404 1e-06
215 328 1e-06
215 329 1e-06
215 273 1e-06
215 272 1e-06
215 429 1e-06
215 428 1e-06
215 354 1e-06
215 353 1e-06
216 216 1
216 553 1e-06
216 554 1e-06
216 273 1e-06
216 272 1e-06
216 579 1e-06
216 578 1e-06
217 217 1
217 485 1e-06
217 273 1e-06
217 272 1e-06
217 431 1e-06
217 193 1e-06
218 218 1
218 410 1e-06
218 335 1e-06
218 273 1e-06
218 272 1e-06
218 356 1e-06
218 194 1e-06
218 281 1e-06
219 219 1
219 560 1e-06
219 273 1e-06
219 272 1e-06
219 506 1e-06
219 195 1e-06
220 220 1
220 414 1e-06
220 339 1e-06
220 273 1e-06
220 272 1e-06
221 221 1
221 418 1e-06
221 343 1e-06
221 273 1e-06
221 272 1e-06
222 222 1
222 32 1e-06
222 33 1e-06
222 35 1e-06
222 77 1e-06
222 178 1e-06
222 179 1e-06
222 180 1e-06
222 181 1e-06
222 182 1e-06
222 183 1e-06
222 223 1e-06
222 273 1e-06
222 272 1e-06
223 223 1
223 222 1e-06
223 224 1e-06
223 273 1e-06
224 224 1
224 223 1e-06
224 225 1e-06
224 447 1e-06
224 502 1e-06
224 522 1e-06
224 577 1e-06
224 273 1e-06
224 272 1e-06
224 486 1e-06
224 485 1e-06
224 561 1e-06
224 560 1e-06
225 225 1
225 224 1e-06
225 226 1e-06
225 272 1e-06
226 226 1
226 225 1e-06
226 227 1e-06
226 273 1e-06
227 227 1
227 226 1e-06
227 228 1e-06
227 272 1e-06
228 228 1
228 227 1e-06
228 229 1e-06
228 273 1e-06
229 229 1
229 228 1e-06
229 230 1e-06
229 273 1e-06
230 230 1
230 229 1e-06
230 231 1e-06
230 273 1e-06
231 231 1
231 230 1e-06
231 232 1e-06
231 273 1e-06
232 232 1
232 231 1e-06
232 233 1e-06
232 273 1e-06
233 233 1
233 232 1e-06
233 234 1e-06
233 273 1e-06
234 234 1
234 233 1e-06
234 372 1e-06
234 427 1e-06
234 297 1e-06
234 352 1e-06
234 273 1e-06
234 272 1e-06
234 411 1e-06
234 410 1e-06
234 336 1e-06
234 335 1e-06
235 235 1
235 238 1e-06
235 50 1e-06
235 272 1e-06
235 48 1e-06
236 236 1
236 238 1e-06
236 44 1e-06
236 272 1e-06
237 237 1
237 238 1e-06
237 272 1e-06
237 56 1e-06
237 240 1e-06
238 238 1
238 235 1e-06
238 236 1e-06
238 237 1e-06
238 239 1e-06
238 273 1e-06
238 272 1e-06
238 55 1e-06
238 49 1e-06
239 239 1
239 8 1e-06
239 38 1e-06
239 186 1e-06
239 238 1e-06
239 273 1e-06
239 272 1e-06
240 240 1
240 241 1e-06
240 237 1e-06
240 272 1e-06
240 56 1e-06
240 58 1e-06
240 57 1e-06
241 241 1
241 240 1e-06
241 242 1e-06
241 273 1e-06
241 272 1e-06
242 242 1
242 95 1e-06
242 241 1e-06
242 273 1e-06
242 272 1e-06
242 81 1e-06
242 279 1e-06
243 243 1
244 244 1
244 245 1e-06
244 255 1e-06
244 61 1e-06
244 92 1e-06
244 184 1e-06
244 185 1e-06
244 254 1e-06
244 273 1e-06
244 272 1e-06
244 95 1e-06
244 96 1e-06
245 245 1
245 244 1e-06
245 274 1e-06
245 246 1e-06
245 273 1e-06
245 272 1e-06
245 2 1e-06
245 20 1e-06
245 28 1e-06
245 279 1e-06
246 246 1
246 245 1e-06
246 247 1e-06
246 273 1e-06
247 247 1
247 246 1e-06
247 248 1e-06
247 273 1e-06
248 248 1
248 247 1e-06
248 249 1e-06
248 273 1e-06
249 249 1
249 248 1e-06
249 250 1e-06
249 273 1e-06
250 250 1
250 249 1e-06
250 251 1e-06
250 273 1e-06
251 251 1
251 250 1e-06
251 252 1e-06
251 272 1e-06
252 252 1
252 251 1e-06
252 253 1e-06
253 253 1
253 252 1e-06
253 273 1e-06
254 254 1
254 244 1e-06
254 273 1e-06
254 272 1e-06
254 39 1e-06
255 255 1
255 244 1e-06
255 272 1e-06
255 274 1e-06
256 256 1
256 257 1e-06
256 155 1e-06
256 156 1e-06
256 258 1e-06
256 259 1e-06
256 273 1e-06
256 272 1e-06
256 102 1e-06
256 157 1e-06
257 257 1
257 256 1e-06
257 274 1e-06
257 273 1e-06
258 258 1
258 256 1e-06
258 504 1e-06
258 579 1e-06
258 273 1e-06
258 272 1e-06
258 277 1e-06
258 187 1e-06
258 190 1e-06
258 435 1e-06
258 440 1e-06
258 485 1e-06
258 487 1e-06
258 444 1e-06
258 445 1e-06
258 211 1e-06
258 498 1e-06
258 499 1e-06
258 500 1e-06
258 501 1e-06
258 189 1e-06
258 192 1e-06
258 510 1e-06
258 515 1e-06
258 560 1e-06
258 562 1e-06
258 519 1e-06
258 520 1e-06
258 213 1e-06
258 573 1e-06
258 574 1e-06
258 575 1e-06
258 576 1e-06
259 259 1
259 256 1e-06
259 260 1e-06
259 273 1e-06
260 260 1
260 259 1e-06
260 261 1e-06
260 273 1e-06
261 261 1
261 260 1e-06
261 262 1e-06
261 273 1e-06
262 262 1
262 261 1e-06
262 263 1e-06
262 273 1e-06
263 263 1
263 262 1e-06
263 429 1e-06
263 354 1e-06
263 273 1e-06
263 272 1e-06
263 275 1e-06
263 188 1e-06
263 191 1e-06
263 360 1e-06
263 365 1e-06
263 410 1e-06
263 412 1e-06
263 369 1e-06
263 370 1e-06
263 212 1e-06
263 423 1e-06
263 424 1e-06
263 425 1e-06
263 426 1e-06
263 285 1e-06
263 290 1e-06
263 335 1e-06
263 337 1e-06
263 294 1e-06
263 295 1e-06
263 348 1e-06
263 349 1e-06
263 350 1e-06
263 351 1e-06
264 264 1
264 489 1e-06
264 273 1e-06
264 272 1e-06
265 265 1
265 493 1e-06
265 273 1e-06
265 272 1e-06
266 266 1
267 267 1
267 564 1e-06
267 273 1e-06
267 272 1e-06
268 268 1
268 568 1e-06
268 273 1e-06
268 272 1e-06
269 269 1
270 270 1
271 271 1
271 270 1e-06
271 54 1e-06
271 55 1e-06
271 58 1e-06
271 273 1e-06
272 272 1
273 273 1
274 274 1
275 275 1
275 274 1e-06
275 276 1e-06
275 388 1e-06
275 392 1e-06
275 411 1e-06
275 413 1e-06
275 417 1e-06
275 313 1e-06
275 317 1e-06
275 336 1e-06
275 338 1e-06
275 342 1e-06
275 263 1e-06
275 272 1e-06
275 188 1e-06
275 191 1e-06
275 212 1e-06
275 393 1e-06
275 318 1e-06
276 276 1
276 275 1e-06
276 277 1e-06
277 277 1
277 276 1e-06
277 463 1e-06
277 467 1e-06
277 486 1e-06
277 488 1e-06
277 492 1e-06
277 538 1e-06
277 542 1e-06
277 561 1e-06
277 563 1e-06
277 567 1e-06
277 258 1e-06
277 272 1e-06
277 187 1e-06
277 190 1e-06
277 211 1e-06
277 468 1e-06
277 189 1e-06
277 192 1e-06
277 213 1e-06
277 543 1e-06
278 278 1
278 273 1e-06
278 272 1e-06
279 279 1
280 280 1
280 188 1e-06
280 272 1e-06
280 301 1e-06
280 302 1e-06
281 281 1
281 188 1e-06
281 218 1e-06
281 272 1e-06
281 194 1e-06
282 282 1
282 191 1e-06
282 272 1e-06
282 307 1e-06
282 308 1e-06
283 283 1
283 279 1e-06
283 291 1e-06
283 272 1e-06
283 191 1e-06
284 284 1
284 194 1e-06
284 285 1e-06
284 287 1e-06
285 285 1
285 284 1e-06
285 286 1e-06
285 330 1e-06
285 272 1e-06
285 289 1e-06
285 263 1e-06
285 290 1e-06
286 286 1
286 285 1e-06
286 328 1e-06
286 272 1e-06
286 279 1e-06
287 287 1
287 284 1e-06
287 332 1e-06
287 272 1e-06
287 288 1e-06
288 288 1
288 279 1e-06
288 332 1e-06
288 272 1e-06
288 287 1e-06
289 289 1
289 279 1e-06
289 330 1e-06
289 272 1e-06
289 285 1e-06
290 290 1
290 279 1e-06
290 263 1e-06
290 272 1e-06
290 285 1e-06
291 291 1
291 197 1e-06
291 294 1e-06
291 272 1e-06
291 191 1e-06
291 283 1e-06
292 292 1
292 197 1e-06
292 293 1e-06
292 297 1e-06
292 272 1e-06
292 296 1e-06
292 334 1e-06
293 293 1
293 292 1e-06
293 333 1e-06
293 272 1e-06
293 279 1e-06
294 294 1
294 291 1e-06
294 263 1e-06
294 272 1e-06
294 295 1e-06
295 295 1
295 279 1e-06
295 263 1e-06
295 272 1e-06
295 294 1e-06
296 296 1
296 279 1e-06
296 292 1e-06
296 272 1e-06
296 334 1e-06
296 197 1e-06
297 297 1
297 234 1e-06
297 272 1e-06
297 292 1e-06
298 298 1
298 200 1e-06
298 312 1e-06
298 272 1e-06
298 313 1e-06
299 299 1
299 200 1e-06
299 300 1e-06
299 272 1e-06
299 323 1e-06
299 325 1e-06
300 300 1
300 299 1e-06
300 272 1e-06
300 209 1e-06
300 327 1e-06
301 301 1
301 200 1e-06
301 280 1e-06
301 272 1e-06
301 302 1e-06
302 302 1
302 279 1e-06
302 280 1e-06
302 272 1e-06
302 301 1e-06
303 303 1
303 200 1e-06
303 272 1e-06
303 338 1e-06
303 339 1e-06
304 304 1
304 203 1e-06
304 316 1e-06
304 272 1e-06
304 317 1e-06
305 305 1
305 203 1e-06
305 306 1e-06
305 272 1e-06
305 322 1e-06
305 324 1e-06
306 306 1
306 305 1e-06
306 272 1e-06
306 206 1e-06
306 326 1e-06
307 307 1
307 203 1e-06
307 282 1e-06
307 272 1e-06
307 308 1e-06
308 308 1
308 279 1e-06
308 282 1e-06
308 272 1e-06
308 307 1e-06
309 309 1
309 203 1e-06
309 272 1e-06
309 342 1e-06
309 343 1e-06
310 310 1
310 206 1e-06
310 320 1e-06
310 272 1e-06
310 352 1e-06
311 311 1
311 206 1e-06
311 312 1e-06
311 272 1e-06
311 200 1e-06
312 312 1
312 311 1e-06
312 272 1e-06
312 313 1e-06
312 298 1e-06
313 313 1
313 275 1e-06
313 312 1e-06
313 272 1e-06
313 298 1e-06
314 314 1
314 209 1e-06
314 319 1e-06
314 272 1e-06
314 352 1e-06
315 315 1
315 209 1e-06
315 316 1e-06
315 272 1e-06
315 203 1e-06
316 316 1
316 315 1e-06
316 272 1e-06
316 317 1e-06
316 304 1e-06
317 317 1
317 275 1e-06
317 316 1e-06
317 272 1e-06
317 304 1e-06
318 318 1
318 212 1e-06
318 272 1e-06
318 275 1e-06
319 319 1
319 212 1e-06
319 321 1e-06
319 272 1e-06
319 314 1e-06
319 352 1e-06
320 320 1
320 212 1e-06
320 321 1e-06
320 272 1e-06
320 352 1e-06
320 310 1e-06
321 321 1
321 319 1e-06
321 320 1e-06
321 272 1e-06
321 352 1e-06
322 322 1
322 212 1e-06
322 305 1e-06
322 272 1e-06
322 324 1e-06
323 323 1
323 212 1e-06
323 299 1e-06
323 272 1e-06
323 325 1e-06
324 324 1
324 326 1e-06
324 305 1e-06
324 272 1e-06
324 322 1e-06
325 325 1
325 327 1e-06
325 299 1e-06
325 272 1e-06
325 323 1e-06
326 326 1
326 324 1e-06
326 279 1e-06
326 306 1e-06
326 272 1e-06
326 206 1e-06
327 327 1
327 325 1e-06
327 279 1e-06
327 300 1e-06
327 272 1e-06
327 209 1e-06
328 328 1
328 215 1e-06
328 272 1e-06
328 286 1e-06
328 279 1e-06
329 329 1
329 215 1e-06
329 330 1e-06
329 331 1e-06
330 330 1
330 329 1e-06
330 272 1e-06
330 285 1e-06
330 289 1e-06
331 331 1
331 329 1e-06
331 332 1e-06
331 333 1e-06
332 332 1
332 331 1e-06
332 272 1e-06
332 287 1e-06
332 288 1e-06
333 333 1
333 331 1e-06
333 334 1e-06
333 272 1e-06
333 293 1e-06
333 279 1e-06
334 334 1
334 333 1e-06
334 292 1e-06
334 272 1e-06
334 296 1e-06
335 335 1
335 218 1e-06
335 234 1e-06
335 272 1e-06
335 336 1e-06
335 263 1e-06
335 337 1e-06
336 336 1
336 275 1e-06
336 234 1e-06
336 272 1e-06
336 335 1e-06
337 337 1
337 279 1e-06
337 263 1e-06
337 272 1e-06
337 335 1e-06
338 338 1
338 275 1e-06
338 303 1e-06
338 272 1e-06
338 339 1e-06
339 339 1
339 220 1e-06
339 340 1e-06
339 341 1e-06
339 303 1e-06
339 272 1e-06
339 338 1e-06
340 340 1
340 339 1e-06
340 348 1e-06
340 345 1e-06
340 272 1e-06
340 346 1e-06
341 341 1
341 339 1e-06
341 272 1e-06
341 344 1e-06
341 347 1e-06
342 342 1
342 275 1e-06
342 309 1e-06
342 272 1e-06
342 343 1e-06
343 343 1
343 221 1e-06
343 344 1e-06
343 345 1e-06
343 309 1e-06
343 272 1e-06
343 342 1e-06
344 344 1
344 343 1e-06
344 350 1e-06
344 341 1e-06
344 272 1e-06
344 347 1e-06
345 345 1
345 343 1e-06
345 272 1e-06
345 340 1e-06
345 346 1e-06
346 346 1
346 279 1e-06
346 349 1e-06
346 345 1e-06
346 272 1e-06
346 340 1e-06
347 347 1
347 279 1e-06
347 351 1e-06
347 341 1e-06
347 272 1e-06
347 344 1e-06
348 348 1
348 340 1e-06
348 263 1e-06
348 272 1e-06
348 349 1e-06
349 349 1
349 346 1e-06
349 263 1e-06
349 272 1e-06
349 348 1e-06
350 350 1
350 344 1e-06
350 263 1e-06
350 272 1e-06
350 351 1e-06
351 351 1
351 347 1e-06
351 263 1e-06
351 272 1e-06
351 350 1e-06
352 352 1
352 234 1e-06
352 321 1e-06
352 272 1e-06
352 320 1e-06
352 310 1e-06
352 319 1e-06
352 314 1e-06
353 353 1
353 269 1e-06
353 354 1e-06
353 272 1e-06
353 215 1e-06
354 354 1
354 263 1e-06
354 272 1e-06
354 215 1e-06
354 353 1e-06
355 355 1
355 188 1e-06
355 272 1e-06
355 376 1e-06
355 377 1e-06
356 356 1
356 188 1e-06
356 218 1e-06
356 272 1e-06
356 194 1e-06
357 357 1
357 191 1e-06
357 272 1e-06
357 382 1e-06
357 383 1e-06
358 358 1
358 279 1e-06
358 366 1e-06
358 272 1e-06
358 191 1e-06
359 359 1
359 194 1e-06
359 360 1e-06
359 362 1e-06
360 360 1
360 359 1e-06
360 361 1e-06
360 405 1e-06
360 272 1e-06
360 364 1e-06
360 263 1e-06
360 365 1e-06
361 361 1
361 360 1e-06
361 403 1e-06
361 272 1e-06
361 279 1e-06
362 362 1
362 359 1e-06
362 407 1e-06
362 272 1e-06
362 363 1e-06
363 363 1
363 279 1e-06
363 407 1e-06
363 272 1e-06
363 362 1e-06
364 364 1
364 279 1e-06
364 405 1e-06
364 272 1e-06
364 360 1e-06
365 365 1
365 279 1e-06
365 263 1e-06
365 272 1e-06
365 360 1e-06
366 366 1
366 197 1e-06
366 369 1e-06
366 272 1e-06
366 191 1e-06
366 358 1e-06
367 367 1
367 197 1e-06
367 368 1e-06
367 372 1e-06
367 272 1e-06
367 371 1e-06
367 409 1e-06
368 368 1
368 367 1e-06
368 408 1e-06
368 272 1e-06
368 279 1e-06
369 369 1
369 366 1e-06
369 263 1e-06
369 272 1e-06
369 370 1e-06
370 370 1
370 279 1e-06
370 263 1e-06
370 272 1e-06
370 369 1e-06
371 371 1
371 279 1e-06
371 367 1e-06
371 272 1e-06
371 409 1e-06
371 197 1e-06
372 372 1
372 234 1e-06
372 272 1e-06
372 367 1e-06
373 373 1
373 200 1e-06
373 387 1e-06
373 272 1e-06
373 388 1e-06
374 374 1
374 200 1e-06
374 375 1e-06
374 272 1e-06
374 398 1e-06
374 400 1e-06
375 375 1
375 374 1e-06
375 272 1e-06
375 209 1e-06
375 402 1e-06
376 376 1
376 200 1e-06
376 355 1e-06
376 272 1e-06
376 377 1e-06
377 377 1
377 279 1e-06
377 355 1e-06
377 272 1e-06
377 376 1e-06
378 378 1
378 200 1e-06
378 272 1e-06
378 413 1e-06
378 414 1e-06
379 379 1
379 203 1e-06
379 391 1e-06
379 272 1e-06
379 392 1e-06
380 380 1
380 203 1e-06
380 381 1e-06
380 272 1e-06
380 397 1e-06
380 399 1e-06
381 381 1
381 380 1e-06
381 272 1e-06
381 206 1e-06
381 401 1e-06
382 382 1
382 203 1e-06
382 357 1e-06
382 272 1e-06
382 383 1e-06
383 383 1
383 279 1e-06
383 357 1e-06
383 272 1e-06
383 382 1e-06
384 384 1
384 203 1e-06
384 272 1e-06
384 417 1e-06
384 418 1e-06
385 385 1
385 206 1e-06
385 395 1e-06
385 272 1e-06
385 427 1e-06
386 386 1
386 206 1e-06
386 387 1e-06
386 272 1e-06
386 200 1e-06
387 387 1
387 386 1e-06
387 272 1e-06
387 388 1e-06
387 373 1e-06
388 388 1
388 275 1e-06
388 387 1e-06
388 272 1e-06
388 373 1e-06
389 389 1
389 209 1e-06
389 394 1e-06
389 272 1e-06
389 427 1e-06
390 390 1
390 209 1e-06
390 391 1e-06
390 272 1e-06
390 203 1e-06
391 391 1
391 390 1e-06
391 272 1e-06
391 392 1e-06
391 379 1e-06
392 392 1
392 275 1e-06
392 391 1e-06
392 272 1e-06
392 379 1e-06
393 393 1
393 212 1e-06
393 272 1e-06
393 275 1e-06
394 394 1
394 212 1e-06
394 396 1e-06
394 272 1e-06
394 389 1e-06
394 427 1e-06
395 395 1
395 212 1e-06
395 396 1e-06
395 272 1e-06
395 427 1e-06
395 385 1e-06
396 396 1
396 394 1e-06
396 395 1e-06
396 272 1e-06
396 427 1e-06
397 397 1
397 212 1e-06
397 380 1e-06
397 272 1e-06
397 399 1e-06
398 398 1
398 212 1e-06
398 374 1e-06
398 272 1e-06
398 400 1e-06
399 399 1
399 401 1e-06
399 380 1e-06
399 272 1e-06
399 397 1e-06
400 400 1
400 402 1e-06
400 374 1e-06
400 272 1e-06
400 398 1e-06
401 401 1
401 399 1e-06
401 279 1e-06
401 381 1e-06
401 272 1e-06
401 206 1e-06
402 402 1
402 400 1e-06
402 279 1e-06
402 375 1e-06
402 272 1e-06
402 209 1e-06
403 403 1
403 215 1e-06
403 272 1e-06
403 361 1e-06
403 279 1e-06
404 404 1
404 215 1e-06
404 405 1e-06
404 406 1e-06
405 405 1
405 404 1e-06
405 272 1e-06
405 360 1e-06
405 364 1e-06
406 406 1
406 404 1e-06
406 407 1e-06
406 408 1e-06
407 407 1
407 406 1e-06
407 272 1e-06
407 362 1e-06
407 363 1e-06
408 408 1
408 406 1e-06
408 409 1e-06
408 272 1e-06
408 368 1e-06
408 279 1e-06
409 409 1
409 408 1e-06
409 367 1e-06
409 272 1e-06
409 371 1e-06
410 410 1
410 218 1e-06
410 234 1e-06
410 272 1e-06
410 411 1e-06
410 263 1e-06
410 412 1e-06
411 411 1
411 275 1e-06
411 234 1e-06
411 272 1e-06
411 410 1e-06
412 412 1
412 279 1e-06
412 263 1e-06
412 272 1e-06
412 410 1e-06
413 413 1
413 275 1e-06
413 378 1e-06
413 272 1e-06
413 414 1e-06
414 414 1
414 220 1e-06
414 415 1e-06
414 416 1e-06
414 378 1e-06
414 272 1e-06
414 413 1e-06
415 415 1
415 414 1e-06
415 423 1e-06
415 420 1e-06
415 272 1e-06
415 421 1e-06
416 416 1
416 414 1e-06
416 272 1e-06
416 419 1e-06
416 422 1e-06
417 417 1
417 275 1e-06
417 384 1e-06
417 272 1e-06
417 418 1e-06
418 418 1
418 221 1e-06
418 419 1e-06
418 420 1e-06
418 384 1e-06
418 272 1e-06
418 417 1e-06
419 419 1
419 418 1e-06
419 425 1e-06
419 416 1e-06
419 272 1e-06
419 422 1e-06
420 420 1
420 418 1e-06
420 272 1e-06
420 415 1e-06
420 421 1e-06
421 421 1
421 279 1e-06
421 424 1e-06
421 420 1e-06
421 272 1e-06
421 415 1e-06
422 422 1
422 279 1e-06
422 426 1e-06
422 416 1e-06
422 272 1e-06
422 419 1e-06
423 423 1
423 415 1e-06
423 263 1e-06
423 272 1e-06
423 424 1e-06
424 424 1
424 421 1e-06
424 263 1e-06
424 272 1e-06
424 423 1e-06
425 425 1
425 419 1e-06
425 263 1e-06
425 272 1e-06
425 426 1e-06
426 426 1
426 422 1e-06
426 263 1e-06
426 272 1e-06
426 425 1e-06
427 427 1
427 234 1e-06
427 396 1e-06
427 272 1e-06
427 395 1e-06
427 385 1e-06
427 394 1e-06
427 389 1e-06
428 428 1
428 269 1e-06
428 429 1e-06
428 272 1e-06
428 215 1e-06
429 429 1
429 263 1e-06
429 272 1e-06
429 215 1e-06
429 428 1e-06
430 430 1
430 187 1e-06
430 272 1e-06
430 451 1e-06
430 452 1e-06
431 431 1
431 187 1e-06
431 217 1e-06
431 272 1e-06
431 193 1e-06
432 432 1
432 190 1e-06
432 272 1e-06
432 457 1e-06
432 458 1e-06
433 433 1
433 279 1e-06
433 441 1e-06
433 272 1e-06
433 190 1e-06
434 434 1
434 193 1e-06
434 435 1e-06
434 437 1e-06
435 435 1
435 434 1e-06
435 436 1e-06
435 480 1e-06
435 272 1e-06
435 439 1e-06
435 258 1e-06
435 440 1e-06
436 436 1
436 435 1e-06
436 478 1e-06
436 272 1e-06
436 279 1e-06
437 437 1
437 434 1e-06
437 482 1e-06
437 272 1e-06
437 438 1e-06
438 438 1
438 279 1e-06
438 482 1e-06
438 272 1e-06
438 437 1e-06
439 439 1
439 279 1e-06
439 480 1e-06
439 272 1e-06
439 435 1e-06
440 440 1
440 279 1e-06
440 258 1e-06
440 272 1e-06
440 435 1e-06
441 441 1
441 196 1e-06
441 444 1e-06
441 272 1e-06
441 190 1e-06
441 433 1e-06
442 442 1
442 196 1e-06
442 443 1e-06
442 447 1e-06
442 272 1e-06
442 446 1e-06
442 484 1e-06
443 443 1
443 442 1e-06
443 483 1e-06
443 272 1e-06
443 279 1e-06
444 444 1
444 441 1e-06
444 258 1e-06
444 272 1e-06
444 445 1e-06
445 445 1
445 279 1e-06
445 258 1e-06
445 272 1e-06
445 444 1e-06
446 446 1
446 279 1e-06
446 442 1e-06
446 272 1e-06
446 484 1e-06
446 196 1e-06
447 447 1
447 224 1e-06
447 272 1e-06
447 442 1e-06
448 448 1
448 199 1e-06
448 462 1e-06
448 272 1e-06
448 463 1e-06
449 449 1
449 199 1e-06
449 450 1e-06
449 272 1e-06
449 473 1e-06
449 475 1e-06
450 450 1
450 449 1e-06
450 272 1e-06
450 208 1e-06
450 477 1e-06
451 451 1
451 199 1e-06
451 430 1e-06
451 272 1e-06
451 452 1e-06
452 452 1
452 279 1e-06
452 430 1e-06
452 272 1e-06
452 451 1e-06
453 453 1
453 199 1e-06
453 272 1e-06
453 488 1e-06
453 489 1e-06
454 454 1
454 202 1e-06
454 466 1e-06
454 272 1e-06
454 467 1e-06
455 455 1
455 202 1e-06
455 456 1e-06
455 272 1e-06
455 472 1e-06
455 474 1e-06
456 456 1
456 455 1e-06
456 272 1e-06
456 205 1e-06
456 476 1e-06
457 457 1
457 202 1e-06
457 432 1e-06
457 272 1e-06
457 458 1e-06
458 458 1
458 279 1e-06
458 432 1e-06
458 272 1e-06
458 457 1e-06
459 459 1
459 202 1e-06
459 272 1e-06
459 492 1e-06
459 493 1e-06
460 460 1
460 205 1e-06
460 470 1e-06
460 272 1e-06
460 502 1e-06
461 461 1
461 205 1e-06
461 462 1e-06
461 272 1e-06
461 199 1e-06
462 462 1
462 461 1e-06
462 272 1e-06
462 463 1e-06
462 448 1e-06
463 463 1
463 277 1e-06
463 462 1e-06
463 272 1e-06
463 448 1e-06
464 464 1
464 208 1e-06
464 469 1e-06
464 272 1e-06
464 502 1e-06
465 465 1
465 208 1e-06
465 466 1e-06
465 272 1e-06
465 202 1e-06
466 466 1
466 465 1e-06
466 272 1e-06
466 467 1e-06
466 454 1e-06
467 467 1
467 277 1e-06
467 466 1e-06
467 272 1e-06
467 454 1e-06
468 468 1
468 211 1e-06
468 272 1e-06
468 277 1e-06
469 469 1
469 211 1e-06
469 471 1e-06
469 272 1e-06
469 464 1e-06
469 502 1e-06
470 470 1
470 211 1e-06
470 471 1e-06
470 272 1e-06
470 502 1e-06
470 460 1e-06
471 471 1
471 469 1e-06
471 470 1e-06
471 272 1e-06
471 502 1e-06
472 472 1
472 211 1e-06
472 455 1e-06
472 272 1e-06
472 474 1e-06
473 473 1
473 211 1e-06
473 449 1e-06
473 272 1e-06
473 475 1e-06
474 474 1
474 476 1e-06
474 455 1e-06
474 272 1e-06
474 472 1e-06
475 475 1
475 477 1e-06
475 449 1e-06
475 272 1e-06
475 473 1e-06
476 476 1
476 474 1e-06
476 279 1e-06
476 456 1e-06
476 272 1e-06
476 205 1e-06
477 477 1
477 475 1e-06
477 279 1e-06
477 450 1e-06
477 272 1e-06
477 208 1e-06
478 478 1
478 214 1e-06
478 272 1e-06
478 436 1e-06
478 279 1e-06
479 479 1
479 214 1e-06
479 480 1e-06
479 481 1e-06
480 480 1
480 479 1e-06
480 272 1e-06
480 435 1e-06
480 439 1e-06
481 481 1
481 479 1e-06
481 482 1e-06
481 483 1e-06
482 482 1
482 481 1e-06
482 272 1e-06
482 437 1e-06
482 438 1e-06
483 483 1
483 481 1e-06
483 484 1e-06
483 272 1e-06
483 443 1e-06
483 279 1e-06
484 484 1
484 483 1e-06
484 442 1e-06
484 272 1e-06
484 446 1e-06
485 485 1
485 217 1e-06
485 224 1e-06
485 272 1e-06
485 486 1e-06
485 258 1e-06
485 487 1e-06
486 486 1
486 277 1e-06
486 224 1e-06
486 272 1e-06
486 485 1e-06
487 487 1
487 279 1e-06
487 258 1e-06
487 272 1e-06
487 485 1e-06
488 488 1
488 277 1e-06
488 453 1e-06
488 272 1e-06
488 489 1e-06
489 489 1
489 264 1e-06
489 490 1e-06
489 491 1e-06
489 453 1e-06
489 272 1e-06
489 488 1e-06
490 490 1
490 489 1e-06
490 498 1e-06
490 495 1e-06
490 272 1e-06
490 496 1e-06
491 491 1
491 489 1e-06
491 272 1e-06
491 494 1e-06
491 497 1e-06
492 492 1
492 277 1e-06
492 459 1e-06
492 272 1e-06
492 493 1e-06
493 493 1
493 265 1e-06
493 494 1e-06
493 495 1e-06
493 459 1e-06
493 272 1e-06
493 492 1e-06
494 494 1
494 493 1e-06
494 500 1e-06
494 491 1e-06
494 272 1e-06
494 497 1e-06
495 495 1
495 493 1e-06
495 272 1e-06
495 490 1e-06
495 496 1e-06
496 496 1
496 279 1e-06
496 499 1e-06
496 495 1e-06
496 272 1e-06
496 490 1e-06
497 497 1
497 279 1e-06
497 501 1e-06
497 491 1e-06
497 272 1e-06
497 494 1e-06
498 498 1
498 490 1e-06
498 258 1e-06
498 272 1e-06
498 499 1e-06
499 499 1
499 496 1e-06
499 258 1e-06
499 272 1e-06
499 498 1e-06
500 500 1
500 494 1e-06
500 258 1e-06
500 272 1e-06
500 501 1e-06
501 501 1
501 497 1e-06
501 258 1e-06
501 272 1e-06
501 500 1e-06
502 502 1
502 224 1e-06
502 471 1e-06
502 272 1e-06
502 470 1e-06
502 460 1e-06
502 469 1e-06
502 464 1e-06
503 503 1
503 266 1e-06
503 504 1e-06
503 272 1e-06
503 214 1e-06
504 504 1
504 258 1e-06
504 272 1e-06
504 214 1e-06
504 503 1e-06
505 505 1
505 189 1e-06
505 272 1e-06
505 526 1e-06
505 527 1e-06
506 506 1
506 189 1e-06
506 219 1e-06
506 272 1e-06
506 195 1e-06
507 507 1
507 192 1e-06
507 272 1e-06
507 532 1e-06
507 533 1e-06
508 508 1
508 279 1e-06
508 516 1e-06
508 272 1e-06
508 192 1e-06
509 509 1
509 195 1e-06
509 510 1e-06
509 512 1e-06
510 510 1
510 509 1e-06
510 511 1e-06
510 555 1e-06
510 272 1e-06
510 514 1e-06
510 258 1e-06
510 515 1e-06
511 511 1
511 510 1e-06
511 553 1e-06
511 272 1e-06
511 279 1e-06
512 512 1
512 509 1e-06
512 557 1e-06
512 272 1e-06
512 513 1e-06
513 513 1
513 279 1e-06
513 557 1e-06
513 272 1e-06
513 512 1e-06
514 514 1
514 279 1e-06
514 555 1e-06
514 272 1e-06
514 510 1e-06
515 515 1
515 279 1e-06
515 258 1e-06
515 272 1e-06
515 510 1e-06
516 516 1
516 198 1e-06
516 519 1e-06
516 272 1e-06
516 192 1e-06
516 508 1e-06
517 517 1
517 198 1e-06
517 518 1e-06
517 522 1e-06
517 272 1e-06
517 521 1e-06
517 559 1e-06
518 518 1
518 517 1e-06
518 558 1e-06
518 272 1e-06
518 279 1e-06
519 519 1
519 516 1e-06
519 258 1e-06
519 272 1e-06
519 520 1e-06
520 520 1
520 279 1e-06
520 258 1e-06
520 272 1e-06
520 519 1e-06
521 521 1
521 279 1e-06
521 517 1e-06
521 272 1e-06
521 559 1e-06
521 198 1e-06
522 522 1
522 224 1e-06
522 272 1e-06
522 517 1e-06
523 523 1
523 201 1e-06
523 537 1e-06
523 272 1e-06
523 538 1e-06
524 524 1
524 201 1e-06
524 525 1e-06
524 272 1e-06
524 548 1e-06
524 550 1e-06
525 525 1
525 524 1e-06
525 272 1e-06
525 210 1e-06
525 552 1e-06
526 526 1
526 201 1e-06
526 505 1e-06
526 272 1e-06
526 527 1e-06
527 527 1
527 279 1e-06
527 505 1e-06
527 272 1e-06
527 526 1e-06
528 528 1
528 201 1e-06
528 272 1e-06
528 563 1e-06
528 564 1e-06
529 529 1
529 204 1e-06
529 541 1e-06
529 272 1e-06
529 542 1e-06
530 530 1
530 204 1e-06
530 531 1e-06
530 272 1e-06
530 547 1e-06
530 549 1e-06
531 531 1
531 530 1e-06
531 272 1e-06
531 207 1e-06
531 551 1e-06
532 532 1
532 204 1e-06
532 507 1e-06
532 272 1e-06
532 533 1e-06
533 533 1
533 279 1e-06
533 507 1e-06
533 272 1e-06
533 532 1e-06
534 534 1
534 204 1e-06
534 272 1e-06
534 567 1e-06
534 568 1e-06
535 535 1
535 207 1e-06
535 545 1e-06
535 272 1e-06
535 577 1e-06
536 536 1
536 207 1e-06
536 537 1e-06
536 272 1e-06
536 201 1e-06
537 537 1
537 536 1e-06
537 272 1e-06
537 538 1e-06
537 523 1e-06
538 538 1
538 277 1e-06
538 537 1e-06
538 272 1e-06
538 523 1e-06
539 539 1
539 210 1e-06
539 544 1e-06
539 272 1e-06
539 577 1e-06
540 540 1
540 210 1e-06
540 541 1e-06
540 272 1e-06
540 204 1e-06
541 541 1
541 540 1e-06
541 272 1e-06
541 542 1e-06
541 529 1e-06
542 542 1
542 277 1e-06
542 541 1e-06
542 272 1e-06
542 529 1e-06
543 543 1
543 213 1e-06
543 272 1e-06
543 277 1e-06
544 544 1
544 213 1e-06
544 546 1e-06
544 272 1e-06
544 539 1e-06
544 577 1e-06
545 545 1
545 213 1e-06
545 546 1e-06
545 272 1e-06
545 577 1e-06
545 535 1e-06
546 546 1
546 544 1e-06
546 545 1e-06
546 272 1e-06
546 577 1e-06
547 547 1
547 213 1e-06
547 530 1e-06
547 272 1e-06
547 549 1e-06
548 548 1
548 213 1e-06
548 524 1e-06
548 272 1e-06
548 550 1e-06
549 549 1
549 551 1e-06
549 530 1e-06
549 272 1e-06
549 547 1e-06
550 550 1
550 552 1e-06
550 524 1e-06
550 272 1e-06
550 548 1e-06
551 551 1
551 549 1e-06
551 279 1e-06
551 531 1e-06
551 272 1e-06
551 207 1e-06
552 552 1
552 550 1e-06
552 279 1e-06
552 525 1e-06
552 272 1e-06
552 210 1e-06
553 553 1
553 216 1e-06
553 272 1e-06
553 511 1e-06
553 279 1e-06
554 554 1
554 216 1e-06
554 555 1e-06
554 556 1e-06
555 555 1
555 554 1e-06
555 272 1e-06
555 510 1e-06
555 514 1e-06
556 556 1
556 554 1e-06
556 557 1e-06
556 558 1e-06
557 557 1
557 556 1e-06
557 272 1e-06
557 512 1e-06
557 513 1e-06
558 558 1
558 556 1e-06
558 559 1e-06
558 272 1e-06
558 518 1e-06
558 279 1e-06
559 559 1
559 558 1e-06
559 517 1e-06
559 272 1e-06
559 521 1e-06
560 560 1
560 219 1e-06
560 224 1e-06
560 272 1e-06
560 561 1e-06
560 258 1e-06
560 562 1e-06
561 561 1
561 277 1e-06
561 224 1e-06
561 272 1e-06
561 560 1e-06
562 562 1
562 279 1e-06
562 258 1e-06
562 272 1e-06
562 560 1e-06
563 563 1
563 277 1e-06
563 528 1e-06
563 272 1e-06
563 564 1e-06
564 564 1
564 267 1e-06
564 565 1e-06
564 566 1e-06
564 528 1e-06
564 272 1e-06
564 563 1e-06
565 565 1
565 564 1e-06
565 573 1e-06
565 570 1e-06
565 272 1e-06
565 571 1e-06
566 566 1
566 564 1e-06
566 272 1e-06
566 569 1e-06
566 572 1e-06
567 567 1
567 277 1e-06
567 534 1e-06
567 272 1e-06
567 568 1e-06
568 568 1
568 268 1e-06
568 569 1e-06
568 570 1e-06
568 534 1e-06
568 272 1e-06
568 567 1e-06
569 569 1
569 568 1e-06
569 575 1e-06
569 566 1e-06
569 272 1e-06
569 572 1e-06
570 570 1
570 568 1e-06
570 272 1e-06
570 565 1e-06
570 571 1e-06
571 571 1
571 279 1e-06
571 574 1e-06
571 570 1e-06
571 272 1e-06
571 565 1e-06
572 572 1
572 279 1e-06
572 576 1e-06
572 566 1e-06
572 272 1e-06
572 569 1e-06
573 573 1
573 565 1e-06
573 258 1e-06
573 272 1e-06
573 574 1e-06
574 574 1
574 571 1e-06
574 258 1e-06
574 272 1e-06
574 573 1e-06
575 575 1
575 569 1e-06
575 258 1e-06
575 272 1e-06
575 576 1e-06
576 576 1
576 572 1e-06
576 258 1e-06
576 272 1e-06
576 575 1e-06
577 577 1
577 224 1e-06
577 546 1e-06
577 272 1e-06
577 545 1e-06
577 535 1e-06
577 544 1e-06
577 539 1e-06
578 578 1
578 269 1e-06
578 579 1e-06
578 272 1e-06
578 216 1e-06
579 579 1
579 258 1e-06
579 272 1e-06
579 216 1e-06
579 578 1e-06
580 274 1e-06
580 48 1e-06
580 56 1e-06
580 15 1e-06
580 31 1e-06
580 37 1e-06
580 59 1e-06
580 245 1e-06
580 73 1e-06
580 65 1e-06
580 76 1e-06
580 257 1e-06
580 157 1e-06
580 158 1e-06
580 159 1e-06
580 160 1e-06
580 161 1e-06
580 162 1e-06
580 163 1e-06
580 164 1e-06
580 165 1e-06
580 166 1e-06
580 167 1e-06
580 275 1e-06
580 580 1
580 272 1e-06
580 39 1e-06
580 40 1e-06
580 41 1e-06
580 43 1e-06
580 2 1e-06
580 20 1e-06
580 60 1e-06
580 61 1e-06
580 255 1e-06
581 279 1e-06
581 49 1e-06
581 51 1e-06
581 57 1e-06
581 6 1e-06
581 12 1e-06
581 16 1e-06
581 19 1e-06
581 25 1e-06
581 34 1e-06
581 36 1e-06
581 63 1e-06
581 96 1e-06
581 94 1e-06
581 85 1e-06
581 69 1e-06
581 168 1e-06
581 169 1e-06
581 170 1e-06
581 171 1e-06
581 172 1e-06
581 173 1e-06
581 174 1e-06
581 175 1e-06
581 176 1e-06
581 177 1e-06
581 358 1e-06
581 363 1e-06
581 364 1e-06
581 365 1e-06
581 370 1e-06
581 371 1e-06
581 377 1e-06
581 383 1e-06
581 401 1e-06
581 402 1e-06
581 412 1e-06
581 421 1e-06
581 422 1e-06
581 433 1e-06
581 438 1e-06
581 439 1e-06
581 440 1e-06
581 445 1e-06
581 446 1e-06
581 452 1e-06
581 458 1e-06
581 476 1e-06
581 477 1e-06
581 487 1e-06
581 496 1e-06
581 497 1e-06
581 508 1e-06
581 513 1e-06
581 514 1e-06
581 515 1e-06
581 520 1e-06
581 521 1e-06
581 527 1e-06
581 533 1e-06
581 551 1e-06
581 552 1e-06
581 562 1e-06
581 571 1e-06
581 572 1e-06
581 283 1e-06
581 288 1e-06
581 289 1e-06
581 290 1e-06
581 295 1e-06
581 296 1e-06
581 302 1e-06
581 308 1e-06
581 326 1e-06
581 327 1e-06
581 337 1e-06
581 346 1e-06
581 347 1e-06
581 581 1
581 245 1e-06
581 272 1e-06
581 28 1e-06
581 18 1e-06
581 30 1e-06
581 70 1e-06
581 78 1e-06
581 242 1e-06
581 81 1e-06
581 91 1e-06
581 62 1e-06
581 138 1e-06
581 106 1e-06
581 179 1e-06
581 113 1e-06
581 403 1e-06
581 361 1e-06
581 408 1e-06
581 368 1e-06
581 478 1e-06
581 436 1e-06
581 483 1e-06
581 443 1e-06
581 553 1e-06
581 511 1e-06
581 558 1e-06
581 518 1e-06
581 328 1e-06
581 286 1e-06
581 333 1e-06
581 293 1e-06
582 273 1e-06
582 264 1e-06
582 265 1e-06
582 267 1e-06
582 268 1e-06
582 220 1e-06
582 221 1e-06
582 42 1e-06
582 271 1e-06
582 241 1e-06
582 238 1e-06
582 254 1e-06
582 40 1e-06
582 52 1e-06
582 53 1e-06
582 41 1e-06
582 45 1e-06
582 39 1e-06
582 20 1e-06
582 245 1e-06
582 26 1e-06
582 243 1e-06
582 7 1e-06
582 222 1e-06
582 239 1e-06
582 2 1e-06
582 13 1e-06
582 29 1e-06
582 242 1e-06
582 67 1e-06
582 62 1e-06
582 64 1e-06
582 244 1e-06
582 278 1e-06
582 72 1e-06
582 70 1e-06
582 59 1e-06
582 135 1e-06
582 128 1e-06
582 101 1e-06
582 107 1e-06
582 256 1e-06
582 257 1e-06
582 142 1e-06
582 122 1e-06
582 110 1e-06
582 97 1e-06
582 118 1e-06
582 143 1e-06
582 146 1e-06
582 246 1e-06
582 247 1e-06
582 248 1e-06
582 249 1e-06
582 250 1e-06
582 253 1e-06
582 258 1e-06
582 259 1e-06
582 260 1e-06
582 261 1e-06
582 262 1e-06
582 263 1e-06
582 223 1e-06
582 224 1e-06
582 226 1e-06
582 228 1e-06
582 229 1e-06
582 230 1e-06
582 231 1e-06
582 232 1e-06
582 233 1e-06
582 234 1e-06
582 218 1e-06
582 194 1e-06
582 191 1e-06
582 197 1e-06
582 206 1e-06
582 200 1e-06
582 209 1e-06
582 203 1e-06
582 269 1e-06
582 215 1e-06
582 212 1e-06
582 188 1e-06
582 217 1e-06
582 193 1e-06
582 190 1e-06
582 196 1e-06
582 205 1e-06
582 199 1e-06
582 208 1e-06
582 202 1e-06
582 266 1e-06
582 214 1e-06
582 211 1e-06
582 187 1e-06
582 219 1e-06
582 195 1e-06
582 192 1e-06
582 198 1e-06
582 207 1e-06
582 201 1e-06
582 210 1e-06
582 204 1e-06
582 216 1e-06
582 213 1e-06
582 189 1e-06
582 582 1
582 272 1e-06
583 272 1e-06
583 251 1e-06
583 583 1
583 42 1e-06
583 241 1e-06
583 238 1e-06
583 254 1e-06
583 40 1e-06
583 52 1e-06
583 53 1e-06
583 41 1e-06
583 45 1e-06
583 39 1e-06
583 20 1e-06
583 26 1e-06
583 7 1e-06
583 222 1e-06
583 239 1e-06
583 2 1e-06
583 13 1e-06
583 29 1e-06
583 67 1e-06
583 62 1e-06
583 64 1e-06
583 244 1e-06
583 278 1e-06
583 72 1e-06
583 70 1e-06
583 59 1e-06
583 135 1e-06
583 128 1e-06
583 101 1e-06
583 107 1e-06
583 256 1e-06
583 142 1e-06
583 122 1e-06
583 110 1e-06
583 97 1e-06
583 118 1e-06
583 143 1e-06
583 146 1e-06
583 225 1e-06
583 227 1e-06
583 234 1e-06
583 218 1e-06
583 194 1e-06
583 191 1e-06
583 197 1e-06
583 206 1e-06
583 200 1e-06
583 209 1e-06
583 203 1e-06
583 221 1e-06
583 220 1e-06
583 269 1e-06
583 215 1e-06
583 212 1e-06
583 188 1e-06
583 224 1e-06
583 217 1e-06
583 193 1e-06
583 190 1e-06
583 196 1e-06
583 205 1e-06
583 199 1e-06
583 208 1e-06
583 202 1e-06
583 265 1e-06
583 264 1e-06
583 266 1e-06
583 214 1e-06
583 211 1e-06
583 187 1e-06
583 219 1e-06
583 195 1e-06
583 192 1e-06
583 198 1e-06
583 207 1e-06
583 201 1e-06
583 210 1e-06
583 204 1e-06
583 268 1e-06
583 267 1e-06
583 216 1e-06
583 213 1e-06
583 189 1e-06
583 273 1e-06
583 274 1e-06
583 46 1e-06
583 54 1e-06
583 47 1e-06
583 51 1e-06
583 50 1e-06
583 48 1e-06
583 235 1e-06
583 55 1e-06
583 49 1e-06
583 43 1e-06
583 44 1e-06
583 236 1e-06
583 237 1e-06
583 56 1e-06
583 240 1e-06
583 58 1e-06
583 57 1e-06
583 245 1e-06
583 3 1e-06
583 9 1e-06
583 8 1e-06
583 243 1e-06
583 11 1e-06
583 12 1e-06
583 17 1e-06
583 5 1e-06
583 6 1e-06
583 15 1e-06
583 14 1e-06
583 22 1e-06
583 16 1e-06
583 23 1e-06
583 19 1e-06
583 10 1e-06
583 31 1e-06
583 32 1e-06
583 21 1e-06
583 33 1e-06
583 34 1e-06
583 35 1e-06
583 36 1e-06
583 24 1e-06
583 25 1e-06
583 37 1e-06
583 27 1e-06
583 28 1e-06
583 279 1e-06
583 4 1e-06
583 38 1e-06
583 30 1e-06
583 18 1e-06
583 60 1e-06
583 61 1e-06
583 68 1e-06
583 63 1e-06
583 75 1e-06
583 65 1e-06
583 66 1e-06
583 69 1e-06
583 71 1e-06
583 74 1e-06
583 73 1e-06
583 77 1e-06
583 76 1e-06
583 78 1e-06
583 79 1e-06
583 80 1e-06
583 242 1e-06
583 81 1e-06
583 83 1e-06
583 82 1e-06
583 85 1e-06
583 86 1e-06
583 87 1e-06
583 88 1e-06
583 90 1e-06
583 89 1e-06
583 91 1e-06
583 95 1e-06
583 96 1e-06
583 93 1e-06
583 92 1e-06
583 94 1e-06
583 255 1e-06
583 102 1e-06
583 157 1e-06
583 108 1e-06
583 156 1e-06
583 169 1e-06
583 103 1e-06
583 158 1e-06
583 98 1e-06
583 170 1e-06
583 104 1e-06
583 129 1e-06
583 114 1e-06
583 106 1e-06
583 100 1e-06
583 173 1e-06
583 134 1e-06
583 180 1e-06
583 162 1e-06
583 131 1e-06
583 133 1e-06
583 132 1e-06
583 178 1e-06
583 160 1e-06
583 109 1e-06
583 119 1e-06
583 112 1e-06
583 161 1e-06
583 120 1e-06
583 183 1e-06
583 121 1e-06
583 171 1e-06
583 141 1e-06
583 115 1e-06
583 172 1e-06
583 123 1e-06
583 116 1e-06
583 125 1e-06
583 117 1e-06
583 124 1e-06
583 163 1e-06
583 126 1e-06
583 165 1e-06
583 164 1e-06
583 127 1e-06
583 138 1e-06
583 137 1e-06
583 155 1e-06
583 168 1e-06
583 179 1e-06
583 113 1e-06
583 140 1e-06
583 174 1e-06
583 186 1e-06
583 139 1e-06
583 184 1e-06
583 159 1e-06
583 144 1e-06
583 181 1e-06
583 145 1e-06
583 177 1e-06
583 182 1e-06
583 166 1e-06
583 148 1e-06
583 152 1e-06
583 150 1e-06
583 175 1e-06
583 185 1e-06
583 167 1e-06
583 153 1e-06
583 154 1e-06
583 176 1e-06
583 355 1e-06
583 376 1e-06
583 377 1e-06
583 357 1e-06
583 382 1e-06
583 383 1e-06
583 263 1e-06
583 275 1e-06
583 403 1e-06
583 361 1e-06
583 405 1e-06
583 360 1e-06
583 364 1e-06
583 407 1e-06
583 362 1e-06
583 363 1e-06
583 366 1e-06
583 358 1e-06
583 356 1e-06
583 365 1e-06
583 411 1e-06
583 410 1e-06
583 412 1e-06
583 372 1e-06
583 367 1e-06
583 369 1e-06
583 370 1e-06
583 396 1e-06
583 427 1e-06
583 395 1e-06
583 385 1e-06
583 394 1e-06
583 389 1e-06
583 381 1e-06
583 401 1e-06
583 375 1e-06
583 402 1e-06
583 393 1e-06
583 387 1e-06
583 388 1e-06
583 373 1e-06
583 391 1e-06
583 392 1e-06
583 379 1e-06
583 378 1e-06
583 413 1e-06
583 414 1e-06
583 384 1e-06
583 417 1e-06
583 418 1e-06
583 420 1e-06
583 415 1e-06
583 421 1e-06
583 416 1e-06
583 419 1e-06
583 422 1e-06
583 423 1e-06
583 424 1e-06
583 425 1e-06
583 426 1e-06
583 374 1e-06
583 398 1e-06
583 400 1e-06
583 380 1e-06
583 397 1e-06
583 399 1e-06
583 386 1e-06
583 390 1e-06
583 408 1e-06
583 368 1e-06
583 371 1e-06
583 409 1e-06
583 429 1e-06
583 428 1e-06
583 430 1e-06
583 451 1e-06
583 452 1e-06
583 432 1e-06
583 457 1e-06
583 458 1e-06
583 258 1e-06
583 277 1e-06
583 478 1e-06
583 436 1e-06
583 480 1e-06
583 435 1e-06
583 439 1e-06
583 482 1e-06
583 437 1e-06
583 438 1e-06
583 441 1e-06
583 433 1e-06
583 431 1e-06
583 440 1e-06
583 486 1e-06
583 485 1e-06
583 487 1e-06
583 447 1e-06
583 442 1e-06
583 444 1e-06
583 445 1e-06
583 471 1e-06
583 502 1e-06
583 470 1e-06
583 460 1e-06
583 469 1e-06
583 464 1e-06
583 456 1e-06
583 476 1e-06
583 450 1e-06
583 477 1e-06
583 468 1e-06
583 462 1e-06
583 463 1e-06
583 448 1e-06
583 466 1e-06
583 467 1e-06
583 454 1e-06
583 453 1e-06
583 488 1e-06
583 489 1e-06
583 459 1e-06
583 492 1e-06
583 493 1e-06
583 495 1e-06
583 490 1e-06
583 496 1e-06
583 491 1e-06
583 494 1e-06
583 497 1e-06
583 498 1e-06
583 499 1e-06
583 500 1e-06
583 501 1e-06
583 449 1e-06
583 473 1e-06
583 475 1e-06
583 455 1e-06
583 472 1e-06
583 474 1e-06
583 461 1e-06
583 465 1e-06
583 483 1e-06
583 443 1e-06
583 446 1e-06
583 484 1e-06
583 504 1e-06
583 503 1e-06
583 505 1e-06
583 526 1e-06
583 527 1e-06
583 507 1e-06
583 532 1e-06
583 533 1e-06
583 553 1e-06
583 511 1e-06
583 555 1e-06
583 510 1e-06
583 514 1e-06
583 557 1e-06
583 512 1e-06
583 513 1e-06
583 516 1e-06
583 508 1e-06
583 506 1e-06
583 515 1e-06
583 561 1e-06
583 560 1e-06
583 562 1e-06
583 522 1e-06
583 517 1e-06
583 519 1e-06
583 520 1e-06
583 546 1e-06
583 577 1e-06
583 545 1e-06
583 535 1e-06
583 544 1e-06
583 539 1e-06
583 531 1e-06
583 551 1e-06
583 525 1e-06
583 552 1e-06
583 543 1e-06
583 537 1e-06
583 538 1e-06
583 523 1e-06
583 541 1e-06
583 542 1e-06
583 529 1e-06
583 528 1e-06
583 563 1e-06
583 564 1e-06
583 534 1e-06
583 567 1e-06
583 568 1e-06
583 570 1e-06
583 565 1e-06
583 571 1e-06
583 566 1e-06
583 569 1e-06
583 572 1e-06
583 573 1e-06
583 574 1e-06
583 575 1e-06
583 576 1e-06
583 524 1e-06
583 548 1e-06
583 550 1e-06
583 530 1e-06
583 547 1e-06
583 549 1e-06
583 536 1e-06
583 540 1e-06
583 558 1e-06
583 518 1e-06
583 521 1e-06
583 559 1e-06
583 579 1e-06
583 578 1e-06
583 280 1e-06
583 301 1e-06
583 302 1e-06
583 282 1e-06
583 307 1e-06
583 308 1e-06
583 328 1e-06
583 286 1e-06
583 330 1e-06
583 285 1e-06
583 289 1e-06
583 332 1e-06
583 287 1e-06
583 288 1e-06
583 291 1e-06
583 283 1e-06
583 281 1e-06
583 290 1e-06
583 336 1e-06
583 335 1e-06
583 337 1e-06
583 297 1e-06
583 292 1e-06
583 294 1e-06
583 295 1e-06
583 321 1e-06
583 352 1e-06
583 320 1e-06
583 310 1e-06
583 319 1e-06
583 314 1e-06
583 306 1e-06
583 326 1e-06
583 300 1e-06
583 327 1e-06
583 318 1e-06
583 312 1e-06
583 313 1e-06
583 298 1e-06
583 316 1e-06
583 317 1e-06
583 304 1e-06
583 303 1e-06
583 338 1e-06
583 339 1e-06
583 309 1e-06
583 342 1e-06
583 343 1e-06
583 345 1e-06
583 340 1e-06
583 346 1e-06
583 341 1e-06
583 344 1e-06
583 347 1e-06
583 348 1e-06
583 349 1e-06
583 350 1e-06
583 351 1e-06
583 299 1e-06
583 323 1e-06
583 325 1e-06
583 305 1e-06
583 322 1e-06
583 324 1e-06
583 311 1e-06
583 315 1e-06
583 333 1e-06
583 293 1e-06
583 296 1e-06
583 334 1e-06
583 354 1e-06
583 353 1e-06
584 270 1e-06
584 271 1e-06
584 584 1
585 266 1e-06
585 503 1e-06
585 273 1e-06
585 585 1
585 272 1e-06
586 269 1e-06
586 428 1e-06
586 578 1e-06
586 353 1e-06
586 273 1e-06
586 586 1
586 272 1e-06
587 243 1e-06
587 273 1e-06
587 587 1
587 272 1e-06
587 11 1e-06
587 12 1e-06
587 35 1e-06
587 36 1e-06
0 0 0
