mat8  --  Large force directed placement matrix.
300	real
1	1	4
1	44	-1.11111e-1
1	47	-1.11111e-1
1	86	-1.11111e-1
1	104	-1.11111e-1
1	140	-1
1	151	-1.11111e-1
1	153	-1.11111e-1
1	160	-1.11111e-1
1	177	-1.11111e-1
1	181	-1.11111e-1
1	189	-1.11111e-1
1	203	-1.11111e-1
1	230	-1.11111e-1
1	249	-1.11111e-1
1	261	-1
1	277	-1.11111e-1
1	280	-1.11111e-1
1	281	-1.11111e-1
1	282	-1.11111e-1
1	299	-1.11111e-1
2	2	4
2	14	-5.e-1
2	38	-1.11111e-1
2	49	-5.e-1
2	61	-5.e-1
2	76	-5.e-1
2	96	-1.11111e-1
2	116	-1.11111e-1
2	118	-1.11111e-1
2	199	-1.11111e-1
2	215	-1.11111e-1
2	230	-1
2	287	-1.11111e-1
2	288	-1.11111e-1
2	290	-1.11111e-1
3	3	4
3	12	-3.33333e-1
3	21	-5.e-1
3	212	-1
3	244	-3.33333e-1
3	257	-3.33333e-1
3	280	-5.e-1
3	281	-1
4	4	4
4	20	-1.11111e-1
4	57	-1.11111e-1
4	59	-1.11111e-1
4	229	-1.11111e-1
4	231	-1.11111e-1
4	238	-1
4	243	-1.11111e-1
4	251	-1
4	265	-1.11111e-1
4	274	-1.11111e-1
4	279	-1
4	294	-1.11111e-1
5	5	4
5	13	-3.33333e-1
5	14	-3.33333e-1
5	73	-1
5	250	-3.33333e-1
5	255	-3.33333e-1
5	283	-1
5	288	-3.33333e-1
5	297	-3.33333e-1
6	6	4
6	54	-1.11111e-1
6	83	-1.11111e-1
6	88	-1.11111e-1
6	109	-5.e-1
6	130	-1.11111e-1
6	147	-1
6	161	-1.11111e-1
6	174	-1
6	202	-1.11111e-1
6	222	-1.11111e-1
6	234	-1.11111e-1
6	253	-1.11111e-1
6	295	-5.e-1
7	7	4
7	83	-3.33333e-1
7	104	-3.33333e-1
7	173	-5.e-1
7	183	-5.e-1
7	208	-1
7	216	-3.33333e-1
7	300	-1
8	8	4
8	45	-1.11111e-1
8	63	-5.e-1
8	70	-1
8	79	-1.11111e-1
8	84	-1.11111e-1
8	125	-1.11111e-1
8	133	-1.11111e-1
8	188	-1.11111e-1
8	215	-1.11111e-1
8	228	-1
8	233	-5.e-1
8	259	-1.11111e-1
8	266	-1.11111e-1
9	9	4
9	53	-5.e-1
9	76	-1
9	87	-1
9	227	-1
9	272	-5.e-1
10	10	4
10	114	-3.33333e-1
10	191	-5.e-1
10	201	-5.e-1
10	203	-5.e-1
10	267	-5.e-1
10	272	-3.33333e-1
10	288	-1
11	11	4
11	51	-1.11111e-1
11	52	-1.11111e-1
11	60	-1.11111e-1
11	68	-1.11111e-1
11	91	-1.11111e-1
11	92	-1.11111e-1
11	124	-1
11	131	-1.11111e-1
11	136	-1.11111e-1
11	193	-1
11	199	-1.11111e-1
11	220	-1
12	3	-3.33333e-1
12	12	4
12	155	-1
12	244	-3.33333e-1
12	257	-1.333333
12	264	-1
13	5	-3.33333e-1
13	13	4
13	40	-3.33333e-1
13	71	-1
13	77	-3.33333e-1
13	101	-5.e-1
13	160	-3.33333e-1
13	226	-5.e-1
13	250	-3.33333e-1
13	288	-3.33333e-1
14	2	-5.e-1
14	5	-3.33333e-1
14	14	4
14	42	-1
14	49	-5.e-1
14	81	-1
14	255	-3.33333e-1
14	297	-3.33333e-1
15	15	4
15	44	-1
15	88	-1
15	128	-5.e-1
15	185	-1
15	224	-5.e-1
16	16	4.000001
16	17	-5.2632e-2
16	35	-5.2632e-2
16	37	-5.2632e-2
16	38	-1.11111e-1
16	43	-5.2632e-2
16	50	-1.11111e-1
16	54	-1.11111e-1
16	71	-5.2632e-2
16	83	-1.11111e-1
16	88	-5.2632e-2
16	93	-5.2632e-2
16	95	-5.2632e-2
16	102	-5.2632e-2
16	116	-5.2632e-2
16	119	-1.11111e-1
16	120	-5.e-1
16	123	-5.2632e-2
16	129	-1.11111e-1
16	132	-5.2632e-2
16	144	-1.11111e-1
16	149	-5.2632e-2
16	175	-5.2632e-2
16	198	-5.2632e-2
16	216	-5.2632e-2
16	242	-5.e-1
16	258	-1
16	265	-5.2632e-2
16	268	-5.2632e-2
16	285	-1.63743e-1
16	290	-1.11111e-1
17	16	-5.2632e-2
17	17	4.000001
17	35	-5.2632e-2
17	37	-5.2632e-2
17	43	-5.2632e-2
17	71	-5.2632e-2
17	88	-5.2632e-2
17	93	-5.2632e-2
17	95	-5.2632e-2
17	102	-5.2632e-2
17	116	-5.2632e-2
17	123	-5.2632e-2
17	132	-5.2632e-2
17	149	-5.2632e-2
17	175	-5.2632e-2
17	182	-1
17	198	-5.2632e-2
17	205	-1
17	216	-5.2632e-2
17	236	-1
17	265	-5.2632e-2
17	268	-5.2632e-2
17	285	-5.2632e-2
18	18	4
18	39	-5.e-1
18	75	-3.33333e-1
18	80	-1
18	117	-5.e-1
18	151	-3.33333e-1
18	163	-3.33333e-1
18	211	-5.e-1
18	275	-5.e-1
19	19	4
19	29	-1.11111e-1
19	50	-1.11111e-1
19	65	-1.11111e-1
19	66	-1.11111e-1
19	99	-1.11111e-1
19	163	-3.33333e-1
19	200	-1
19	203	-3.33333e-1
19	239	-1.11111e-1
19	266	-3.33333e-1
19	291	-1
19	293	-1.11111e-1
19	296	-1.11111e-1
19	299	-1.11111e-1
20	4	-1.11111e-1
20	20	4
20	43	-3.33333e-1
20	57	-1.11111e-1
20	59	-1.11111e-1
20	66	-5.e-1
20	97	-5.e-1
20	98	-3.33333e-1
20	135	-3.33333e-1
20	229	-1.11111e-1
20	231	-1.11111e-1
20	243	-1.11111e-1
20	265	-1.11111e-1
20	268	-1
20	274	-1.11111e-1
20	294	-1.11111e-1
21	3	-5.e-1
21	21	4
21	60	-5.e-1
21	70	-5.e-1
21	241	-3.33333e-1
21	246	-3.33333e-1
21	267	-3.33333e-1
21	280	-5.e-1
21	300	-1
22	22	3.999999
22	26	-5.e-2
22	47	-5.e-2
22	58	-5.e-1
22	61	-5.e-2
22	78	-5.e-2
22	93	-5.e-2
22	103	-5.e-1
22	155	-1
22	159	-5.e-2
22	168	-5.e-2
22	174	-5.e-2
22	178	-5.e-2
22	207	-5.e-2
22	212	-5.e-2
22	218	-1
22	244	-5.e-2
22	246	-5.e-2
22	274	-5.e-2
22	275	-5.e-2
22	278	-5.e-2
22	280	-5.e-2
22	281	-5.e-2
22	293	-1.e-1
23	23	4
23	72	-1
23	101	-1
23	157	-3.33333e-1
23	206	-1
23	256	-3.33333e-1
23	259	-3.33333e-1
24	24	4
24	47	-3.33333e-1
24	62	-3.33333e-1
24	90	-3.33333e-1
24	130	-3.33333e-1
24	158	-3.33333e-1
24	197	-3.33333e-1
24	214	-1
24	239	-3.33333e-1
24	296	-3.33333e-1
24	299	-3.33333e-1
25	25	4
25	28	-5.e-1
25	59	-3.33333e-1
25	60	-3.33333e-1
25	106	-5.e-1
25	119	-1.11111e-1
25	156	-1.11111e-1
25	200	-1
25	202	-1.11111e-1
25	208	-1.11111e-1
25	238	-1.11111e-1
25	252	-3.33333e-1
25	277	-1.11111e-1
25	291	-1.11111e-1
25	299	-1.11111e-1
26	22	-5.e-2
26	26	3.999999
26	47	-5.e-2
26	51	-3.33333e-1
26	61	-5.e-2
26	78	-5.e-2
26	93	-5.e-2
26	135	-5.e-1
26	159	-5.e-2
26	168	-5.e-2
26	174	-5.e-2
26	178	-5.e-2
26	190	-3.33333e-1
26	204	-1
26	207	-5.e-2
26	212	-5.e-2
26	244	-5.e-2
26	246	-5.e-2
26	274	-5.e-2
26	275	-5.e-2
26	278	-5.e-2
26	280	-5.e-2
26	281	-5.e-2
26	284	-3.33333e-1
26	290	-5.e-1
26	293	-1.e-1
27	27	4
27	35	-1
27	131	-5.e-1
27	221	-1
27	235	-1
27	283	-5.e-1
28	25	-5.e-1
28	28	4
28	106	-5.e-1
28	116	-5.e-1
28	150	-5.e-1
28	171	-5.e-1
28	184	-5.e-1
28	274	-5.e-1
28	291	-5.e-1
29	19	-1.11111e-1
29	29	4
29	50	-1.11111e-1
29	65	-1.11111e-1
29	66	-1.11111e-1
29	72	-1
29	87	-1
29	99	-1.11111e-1
29	145	-3.33333e-1
29	194	-3.33333e-1
29	216	-3.33333e-1
29	239	-1.11111e-1
29	293	-1.11111e-1
29	296	-1.11111e-1
29	299	-1.11111e-1
30	30	4
30	40	-1
30	47	-1
30	101	-3.33333e-1
30	236	-1
30	288	-3.33333e-1
30	292	-3.33333e-1
31	31	4
31	43	-5.2632e-2
31	60	-5.e-1
31	64	-5.2632e-2
31	73	-5.2632e-2
31	77	-5.2632e-2
31	95	-5.2632e-2
31	110	-5.2632e-2
31	129	-5.2632e-2
31	140	-5.2632e-2
31	159	-5.2632e-2
31	168	-5.2632e-2
31	212	-5.e-1
31	221	-5.2632e-2
31	223	-5.2632e-2
31	234	-5.2632e-2
31	247	-5.2632e-2
31	251	-5.2632e-2
31	263	-5.2632e-2
31	274	-1
31	279	-5.2632e-2
31	285	-5.2632e-2
31	287	-5.2632e-2
31	293	-1
32	32	4
32	48	-3.33333e-1
32	180	-1
32	192	-3.33333e-1
32	223	-3.33333e-1
32	240	-1
32	268	-3.33333e-1
32	274	-3.33333e-1
32	275	-3.33333e-1
33	33	4
33	37	-5.e-1
33	134	-5.e-1
33	156	-5.e-1
33	161	-5.e-1
33	249	-5.e-1
33	273	-1
33	277	-5.e-1
34	34	4
34	69	-5.e-1
34	186	-1
34	255	-1
34	271	-1
34	289	-5.e-1
35	16	-5.2632e-2
35	17	-5.2632e-2
35	27	-1
35	35	4
35	37	-5.2632e-2
35	43	-3.85965e-1
35	71	-5.2632e-2
35	88	-5.2632e-2
35	93	-5.2632e-2
35	95	-5.2632e-2
35	99	-3.33333e-1
35	102	-5.2632e-2
35	116	-5.2632e-2
35	123	-5.2632e-2
35	132	-5.2632e-2
35	143	-1
35	149	-5.2632e-2
35	175	-5.2632e-2
35	191	-3.33333e-1
35	198	-5.2632e-2
35	216	-5.2632e-2
35	265	-5.2632e-2
35	268	-5.2632e-2
35	285	-5.2632e-2
36	36	4
36	40	-1.11111e-1
36	63	-1
36	88	-1.11111e-1
36	118	-1
36	157	-1.11111e-1
36	196	-1.11111e-1
36	205	-2.22222e-1
36	232	-1.11111e-1
36	276	-1.111111
36	286	-1.11111e-1
37	16	-5.2632e-2
37	17	-5.2632e-2
37	33	-5.e-1
37	35	-5.2632e-2
37	37	4
37	43	-5.2632e-2
37	62	-5.e-1
37	71	-5.2632e-2
37	88	-5.2632e-2
37	93	-5.2632e-2
37	95	-5.2632e-2
37	102	-5.2632e-2
37	111	-5.e-1
37	116	-5.2632e-2
37	123	-5.2632e-2
37	132	-5.2632e-2
37	149	-5.2632e-2
37	175	-5.2632e-2
37	198	-5.2632e-2
37	216	-5.2632e-2
37	249	-5.e-1
37	260	-3.33333e-1
37	265	-5.2632e-2
37	268	-5.2632e-2
37	285	-5.2632e-2
37	287	-3.33333e-1
38	2	-1.11111e-1
38	16	-1.11111e-1
38	38	4.000001
38	50	-1.11111e-1
38	51	-3.33333e-1
38	52	-3.33333e-1
38	54	-1.11111e-1
38	83	-1.11111e-1
38	96	-1.11111e-1
38	98	-5.e-1
38	116	-1.11111e-1
38	118	-1.11111e-1
38	119	-1.11111e-1
38	129	-1.11111e-1
38	144	-1.11111e-1
38	199	-1.11111e-1
38	201	-5.e-1
38	215	-1.11111e-1
38	279	-3.33333e-1
38	285	-1.11111e-1
38	287	-1.11111e-1
38	288	-1.11111e-1
38	290	-2.22222e-1
39	18	-5.e-1
39	39	4
39	96	-1
39	145	-5.e-1
39	193	-1
39	211	-5.e-1
39	264	-5.e-1
40	13	-3.33333e-1
40	30	-1
40	36	-1.11111e-1
40	40	4
40	77	-3.33333e-1
40	88	-1.11111e-1
40	132	-1
40	157	-1.11111e-1
40	160	-3.33333e-1
40	196	-1.11111e-1
40	205	-2.22222e-1
40	232	-1.11111e-1
40	276	-1.11111e-1
40	286	-1.11111e-1
41	41	4
41	77	-1
41	133	-3.33333e-1
41	134	-3.33333e-1
41	137	-3.33333e-1
41	149	-3.33333e-1
41	209	-3.33333e-1
41	258	-3.33333e-1
41	261	-3.33333e-1
41	283	-3.33333e-1
41	292	-3.33333e-1
42	14	-1
42	42	4
42	91	-3.33333e-1
42	92	-5.e-1
42	122	-5.e-1
42	152	-1
42	207	-3.33333e-1
42	297	-3.33333e-1
43	16	-5.2632e-2
43	17	-5.2632e-2
43	20	-3.33333e-1
43	31	-5.2632e-2
43	35	-3.85965e-1
43	37	-5.2632e-2
43	43	4
43	64	-5.2632e-2
43	71	-5.2632e-2
43	73	-5.2632e-2
43	77	-5.2632e-2
43	88	-5.2632e-2
43	93	-5.2632e-2
43	95	-1.05263e-1
43	98	-3.33333e-1
43	99	-3.33333e-1
43	102	-5.2632e-2
43	110	-5.2632e-2
43	116	-5.2632e-2
43	123	-5.2632e-2
43	129	-5.2632e-2
43	132	-5.2632e-2
43	135	-3.33333e-1
43	140	-5.2632e-2
43	149	-5.2632e-2
43	159	-5.2632e-2
43	168	-5.2632e-2
43	175	-5.2632e-2
43	191	-3.33333e-1
43	198	-5.2632e-2
43	216	-5.2632e-2
43	221	-5.2632e-2
43	223	-5.2632e-2
43	234	-5.2632e-2
43	247	-5.2632e-2
43	251	-5.2632e-2
43	263	-5.2632e-2
43	265	-5.2632e-2
43	268	-5.2632e-2
43	279	-5.2632e-2
43	285	-1.05263e-1
43	287	-5.2632e-2
44	1	-1.11111e-1
44	15	-1
44	44	4
44	104	-1.11111e-1
44	160	-1.11111e-1
44	189	-1.11111e-1
44	203	-1.11111e-1
44	247	-5.e-1
44	263	-1
44	274	-5.e-1
44	277	-1.11111e-1
44	281	-1.11111e-1
44	282	-1.11111e-1
44	299	-1.11111e-1
45	8	-1.11111e-1
45	45	4
45	67	-5.e-1
45	69	-5.e-1
45	79	-1.11111e-1
45	84	-1.11111e-1
45	125	-1.11111e-1
45	133	-1.11111e-1
45	188	-1.11111e-1
45	215	-1.11111e-1
45	259	-1.11111e-1
45	266	-1.11111e-1
45	289	-5.e-1
45	294	-1
45	296	-5.e-1
46	46	4
46	80	-3.33333e-1
46	92	-3.33333e-1
46	147	-3.33333e-1
46	174	-3.33333e-1
46	197	-3.33333e-1
46	200	-3.33333e-1
46	262	-5.e-1
46	279	-1
46	298	-5.e-1
47	1	-1.11111e-1
47	22	-5.e-2
47	24	-3.33333e-1
47	26	-5.e-2
47	30	-1
47	47	3.999999
47	61	-5.e-2
47	78	-5.e-2
47	86	-1.11111e-1
47	93	-5.e-2
47	151	-1.11111e-1
47	153	-1.11111e-1
47	159	-5.e-2
47	168	-5.e-2
47	174	-5.e-2
47	177	-1.11111e-1
47	178	-5.e-2
47	181	-1.11111e-1
47	207	-5.e-2
47	212	-5.e-2
47	230	-1.11111e-1
47	239	-3.33333e-1
47	244	-5.e-2
47	246	-5.e-2
47	249	-1.11111e-1
47	274	-5.e-2
47	275	-5.e-2
47	278	-5.e-2
47	280	-1.61111e-1
47	281	-5.e-2
47	293	-1.e-1
47	299	-3.33333e-1
48	32	-3.33333e-1
48	48	4
48	158	-3.33333e-1
48	172	-3.33333e-1
48	192	-3.33333e-1
48	223	-3.33333e-1
48	229	-1
48	231	-5.e-1
48	256	-5.e-1
48	268	-3.33333e-1
49	2	-5.e-1
49	14	-5.e-1
49	49	4
49	56	-3.33333e-1
49	86	-5.e-1
49	89	-3.33333e-1
49	90	-5.e-1
49	197	-5.e-1
49	229	-3.33333e-1
49	261	-5.e-1
50	16	-1.11111e-1
50	19	-1.11111e-1
50	29	-1.11111e-1
50	38	-1.11111e-1
50	50	4
50	54	-1.11111e-1
50	65	-1.11111e-1
50	66	-1.11111e-1
50	83	-1.11111e-1
50	99	-1.11111e-1
50	119	-1.11111e-1
50	129	-1.11111e-1
50	144	-1.11111e-1
50	239	-1.11111e-1
50	263	-5.e-1
50	285	-1.11111e-1
50	286	-1.5
50	290	-1.11111e-1
50	293	-1.11111e-1
50	296	-1.11111e-1
50	299	-1.11111e-1
51	11	-1.11111e-1
51	26	-3.33333e-1
51	38	-3.33333e-1
51	51	4
51	52	-4.44444e-1
51	60	-1.11111e-1
51	68	-1.11111e-1
51	71	-1
51	91	-1.11111e-1
51	92	-1.11111e-1
51	131	-1.11111e-1
51	136	-1.11111e-1
51	190	-3.33333e-1
51	199	-1.11111e-1
51	279	-3.33333e-1
51	284	-3.33333e-1
52	11	-1.11111e-1
52	38	-3.33333e-1
52	51	-4.44444e-1
52	52	4
52	60	-1.11111e-1
52	68	-1.11111e-1
52	91	-1.11111e-1
52	92	-1.11111e-1
52	105	-1
52	131	-1.11111e-1
52	136	-1.11111e-1
52	199	-1.11111e-1
52	233	-1
52	279	-3.33333e-1
53	9	-5.e-1
53	53	4
53	91	-1
53	111	-3.33333e-1
53	163	-3.33333e-1
53	257	-1
53	262	-3.33333e-1
53	272	-5.e-1
54	6	-1.11111e-1
54	16	-1.11111e-1
54	38	-1.11111e-1
54	50	-1.11111e-1
54	54	4
54	67	-1
54	83	-2.22222e-1
54	88	-1.11111e-1
54	119	-1.11111e-1
54	129	-1.11111e-1
54	130	-1.11111e-1
54	141	-3.33333e-1
54	144	-1.11111e-1
54	161	-1.11111e-1
54	171	-3.33333e-1
54	195	-3.33333e-1
54	202	-1.11111e-1
54	222	-1.11111e-1
54	234	-1.11111e-1
54	253	-1.11111e-1
54	285	-1.11111e-1
54	290	-1.11111e-1
55	55	4
55	207	-1
55	248	-1
55	252	-1
55	263	-1
56	49	-3.33333e-1
56	56	4
56	74	-3.33333e-1
56	78	-1
56	89	-3.33333e-1
56	149	-3.33333e-1
56	178	-3.33333e-1
56	228	-1
56	229	-3.33333e-1
57	4	-1.11111e-1
57	20	-1.11111e-1
57	57	4
57	59	-1.11111e-1
57	138	-5.e-1
57	180	-5.e-1
57	211	-1
57	229	-1.11111e-1
57	231	-1.11111e-1
57	243	-1.11111e-1
57	265	-1.11111e-1
57	274	-1.11111e-1
57	282	-1
57	294	-1.11111e-1
58	22	-5.e-1
58	58	4
58	75	-5.e-1
58	103	-1
58	121	-1
58	224	-1
59	4	-1.11111e-1
59	20	-1.11111e-1
59	25	-3.33333e-1
59	57	-1.11111e-1
59	59	4
59	60	-3.33333e-1
59	152	-1
59	229	-1.11111e-1
59	231	-1.11111e-1
59	243	-1.11111e-1
59	252	-3.33333e-1
59	264	-1
59	265	-1.11111e-1
59	274	-1.11111e-1
59	294	-1.11111e-1
60	11	-1.11111e-1
60	21	-5.e-1
60	25	-3.33333e-1
60	31	-5.e-1
60	51	-1.11111e-1
60	52	-1.11111e-1
60	59	-3.33333e-1
60	60	4
60	68	-1.11111e-1
60	70	-5.e-1
60	91	-1.11111e-1
60	92	-1.11111e-1
60	131	-1.11111e-1
60	136	-1.11111e-1
60	199	-1.11111e-1
60	212	-5.e-1
60	252	-3.33333e-1
61	2	-5.e-1
61	22	-5.e-2
61	26	-5.e-2
61	47	-5.e-2
61	61	3.999999
61	76	-5.e-1
61	78	-5.e-2
61	93	-5.e-2
61	97	-5.e-1
61	143	-5.e-1
61	159	-5.e-2
61	168	-5.e-2
61	174	-5.e-2
61	178	-5.e-2
61	207	-5.e-2
61	212	-5.e-2
61	244	-5.e-2
61	246	-5.e-2
61	274	-5.e-2
61	275	-5.e-2
61	278	-5.e-2
61	280	-5.e-2
61	281	-5.e-2
61	293	-1.e-1
61	294	-5.e-1
61	298	-5.e-1
62	24	-3.33333e-1
62	37	-5.e-1
62	62	4
62	111	-5.e-1
62	158	-3.33333e-1
62	197	-3.33333e-1
62	247	-1
62	252	-3.33333e-1
62	293	-3.33333e-1
63	8	-5.e-1
63	36	-1
63	63	4
63	181	-1
63	233	-5.e-1
63	253	-1
64	31	-5.2632e-2
64	43	-5.2632e-2
64	64	4
64	73	-5.2632e-2
64	77	-5.2632e-2
64	95	-5.2632e-2
64	100	-5.e-1
64	110	-5.2632e-2
64	129	-5.2632e-2
64	140	-5.2632e-2
64	159	-5.2632e-2
64	168	-5.2632e-2
64	217	-5.e-1
64	221	-5.2632e-2
64	223	-5.2632e-2
64	234	-5.52632e-1
64	240	-5.e-1
64	247	-5.2632e-2
64	251	-5.2632e-2
64	252	-1
64	263	-5.2632e-2
64	279	-5.2632e-2
64	285	-5.2632e-2
64	287	-5.2632e-2
65	19	-1.11111e-1
65	29	-1.11111e-1
65	50	-1.11111e-1
65	65	4
65	66	-1.11111e-1
65	78	-1
65	94	-1
65	99	-1.11111e-1
65	169	-5.e-1
65	238	-5.e-1
65	239	-1.11111e-1
65	293	-1.11111e-1
65	296	-1.11111e-1
65	299	-1.11111e-1
66	19	-1.11111e-1
66	20	-5.e-1
66	29	-1.11111e-1
66	50	-1.11111e-1
66	65	-1.11111e-1
66	66	4
66	84	-1
66	97	-5.e-1
66	99	-1.11111e-1
66	239	-1.11111e-1
66	293	-1.11111e-1
66	296	-1.11111e-1
66	299	-1.11111e-1
67	45	-5.e-1
67	54	-1
67	67	4
67	155	-5.e-1
67	177	-1
67	267	-5.e-1
67	296	-5.e-1
68	11	-1.11111e-1
68	51	-1.11111e-1
68	52	-1.11111e-1
68	60	-1.11111e-1
68	68	4
68	91	-1.11111e-1
68	92	-1.11111e-1
68	131	-1.11111e-1
68	136	-1.11111e-1
68	199	-1.11111e-1
68	245	-3.33333e-1
68	252	-3.33333e-1
68	276	-3.33333e-1
68	284	-1.5
68	288	-5.e-1
69	34	-5.e-1
69	45	-5.e-1
69	69	4
69	244	-1
69	268	-5.e-1
69	289	-1
69	300	-5.e-1
70	8	-1
70	21	-5.e-1
70	60	-5.e-1
70	70	4
70	89	-1
70	235	-1
71	13	-1
71	16	-5.2632e-2
71	17	-5.2632e-2
71	35	-5.2632e-2
71	37	-5.2632e-2
71	43	-5.2632e-2
71	51	-1
71	71	4
71	88	-5.2632e-2
71	93	-5.2632e-2
71	95	-5.2632e-2
71	102	-5.2632e-2
71	116	-5.2632e-2
71	123	-5.2632e-2
71	132	-5.2632e-2
71	149	-5.2632e-2
71	150	-1
71	175	-5.2632e-2
71	198	-5.2632e-2
71	216	-5.2632e-2
71	265	-5.2632e-2
71	268	-5.2632e-2
71	285	-5.2632e-2
72	23	-1
72	29	-1
72	72	4
72	117	-3.33333e-1
72	126	-3.33333e-1
72	226	-1
72	249	-3.33333e-1
73	5	-1
73	31	-5.2632e-2
73	43	-5.2632e-2
73	64	-5.2632e-2
73	73	4
73	77	-5.2632e-2
73	95	-5.2632e-2
73	110	-5.2632e-2
73	125	-1
73	129	-5.2632e-2
73	140	-5.2632e-2
73	159	-5.2632e-2
73	168	-5.2632e-2
73	221	-5.2632e-2
73	223	-5.2632e-2
73	227	-3.33333e-1
73	234	-5.2632e-2
73	247	-5.2632e-2
73	251	-5.2632e-2
73	259	-3.33333e-1
73	263	-5.2632e-2
73	279	-5.2632e-2
73	285	-5.2632e-2
73	287	-5.2632e-2
73	294	-3.33333e-1
74	56	-3.33333e-1
74	74	4
74	82	-3.33333e-1
74	99	-3.33333e-1
74	110	-3.33333e-1
74	136	-3.33333e-1
74	138	-3.33333e-1
74	141	-3.33333e-1
74	149	-3.33333e-1
74	178	-3.33333e-1
74	179	-3.33333e-1
74	196	-3.33333e-1
74	275	-3.33333e-1
75	18	-3.33333e-1
75	58	-5.e-1
75	75	4
75	103	-5.e-1
75	151	-3.33333e-1
75	163	-3.33333e-1
75	259	-1
75	300	-1
76	2	-5.e-1
76	9	-1
76	61	-5.e-1
76	76	4
76	97	-1
76	187	-5.e-1
76	289	-5.e-1
77	13	-3.33333e-1
77	31	-5.2632e-2
77	40	-3.33333e-1
77	41	-1
77	43	-5.2632e-2
77	64	-5.2632e-2
77	73	-5.2632e-2
77	77	4
77	95	-3.85965e-1
77	110	-5.2632e-2
77	129	-5.2632e-2
77	140	-5.2632e-2
77	159	-5.2632e-2
77	160	-3.33333e-1
77	168	-5.2632e-2
77	169	-3.33333e-1
77	221	-5.2632e-2
77	223	-3.85965e-1
77	234	-5.2632e-2
77	247	-5.2632e-2
77	251	-5.2632e-2
77	263	-5.2632e-2
77	279	-5.2632e-2
77	285	-5.2632e-2
77	287	-5.2632e-2
78	22	-5.e-2
78	26	-5.e-2
78	47	-5.e-2
78	56	-1
78	61	-5.e-2
78	65	-1
78	78	3.999999
78	93	-5.e-2
78	159	-5.e-2
78	161	-1
78	168	-5.e-2
78	174	-5.e-2
78	178	-5.e-2
78	207	-5.e-2
78	212	-5.e-2
78	244	-5.e-2
78	246	-5.e-2
78	274	-5.e-2
78	275	-5.e-2
78	278	-5.e-2
78	280	-5.e-2
78	281	-5.e-2
78	293	-1.e-1
79	8	-1.11111e-1
79	45	-1.11111e-1
79	79	4
79	84	-1.11111e-1
79	125	-1.11111e-1
79	133	-1.11111e-1
79	146	-1
79	188	-1.11111e-1
79	215	-1.11111e-1
79	250	-1
79	258	-1
79	259	-1.11111e-1
79	266	-1.11111e-1
80	18	-1
80	46	-3.33333e-1
80	80	4
80	123	-5.e-1
80	147	-3.33333e-1
80	148	-1
80	174	-3.33333e-1
80	217	-5.e-1
81	14	-1
81	81	4
81	86	-1
81	95	-5.e-1
81	137	-1
81	178	-5.e-1
82	74	-3.33333e-1
82	82	4
82	127	-5.e-1
82	138	-3.33333e-1
82	152	-3.33333e-1
82	194	-3.33333e-1
82	196	-3.33333e-1
82	218	-1
82	254	-5.e-1
82	270	-3.33333e-1
83	6	-1.11111e-1
83	7	-3.33333e-1
83	16	-1.11111e-1
83	38	-1.11111e-1
83	50	-1.11111e-1
83	54	-2.22222e-1
83	83	4.000001
83	88	-1.11111e-1
83	104	-3.33333e-1
83	119	-1.11111e-1
83	129	-1.11111e-1
83	130	-1.11111e-1
83	144	-1.11111e-1
83	161	-1.11111e-1
83	202	-1.11111e-1
83	216	-3.33333e-1
83	222	-1.11111e-1
83	234	-1.11111e-1
83	253	-1.11111e-1
83	269	-1
83	285	-1.11111e-1
83	290	-1.11111e-1
84	8	-1.11111e-1
84	45	-1.11111e-1
84	66	-1
84	79	-1.11111e-1
84	84	4
84	125	-1.11111e-1
84	133	-1.11111e-1
84	167	-1
84	188	-1.11111e-1
84	215	-1.11111e-1
84	254	-5.e-1
84	256	-5.e-1
84	259	-1.11111e-1
84	266	-1.11111e-1
85	85	4
85	201	-5.e-1
85	257	-1
85	266	-1
85	269	-1
85	278	-5.e-1
86	1	-1.11111e-1
86	47	-1.11111e-1
86	49	-5.e-1
86	81	-1
86	86	4
86	90	-5.e-1
86	151	-1.11111e-1
86	153	-1.11111e-1
86	177	-6.11111e-1
86	181	-1.11111e-1
86	230	-1.11111e-1
86	249	-1.11111e-1
86	267	-5.e-1
86	280	-1.11111e-1
87	9	-1
87	29	-1
87	87	4
87	115	-5.e-1
87	185	-1
87	297	-5.e-1
88	6	-1.11111e-1
88	15	-1
88	16	-5.2632e-2
88	17	-5.2632e-2
88	35	-5.2632e-2
88	36	-1.11111e-1
88	37	-5.2632e-2
88	40	-1.11111e-1
88	43	-5.2632e-2
88	54	-1.11111e-1
88	71	-5.2632e-2
88	83	-1.11111e-1
88	88	4
88	93	-5.2632e-2
88	95	-5.2632e-2
88	102	-5.2632e-2
88	116	-5.2632e-2
88	123	-5.2632e-2
88	130	-1.11111e-1
88	132	-5.2632e-2
88	149	-5.2632e-2
88	157	-1.11111e-1
88	161	-1.11111e-1
88	175	-5.2632e-2
88	196	-1.11111e-1
88	198	-5.2632e-2
88	202	-1.11111e-1
88	205	-2.22222e-1
88	216	-5.2632e-2
88	222	-1.11111e-1
88	232	-1.11111e-1
88	234	-1.11111e-1
88	253	-1.11111e-1
88	265	-5.2632e-2
88	268	-5.2632e-2
88	276	-1.11111e-1
88	285	-5.2632e-2
88	286	-1.11111e-1
89	49	-3.33333e-1
89	56	-3.33333e-1
89	70	-1
89	89	4
89	176	-1
89	229	-3.33333e-1
89	264	-1
90	24	-3.33333e-1
90	49	-5.e-1
90	86	-5.e-1
90	90	4
90	130	-3.33333e-1
90	195	-1
90	255	-1
90	296	-3.33333e-1
91	11	-1.11111e-1
91	42	-3.33333e-1
91	51	-1.11111e-1
91	52	-1.11111e-1
91	53	-1
91	60	-1.11111e-1
91	68	-1.11111e-1
91	91	4
91	92	-1.11111e-1
91	131	-1.11111e-1
91	136	-1.11111e-1
91	139	-3.33333e-1
91	173	-3.33333e-1
91	199	-1.11111e-1
91	207	-3.33333e-1
91	285	-3.33333e-1
91	297	-3.33333e-1
92	11	-1.11111e-1
92	42	-5.e-1
92	46	-3.33333e-1
92	51	-1.11111e-1
92	52	-1.11111e-1
92	60	-1.11111e-1
92	68	-1.11111e-1
92	91	-1.11111e-1
92	92	4
92	122	-5.e-1
92	131	-1.11111e-1
92	136	-1.11111e-1
92	197	-3.33333e-1
92	199	-1.11111e-1
92	200	-3.33333e-1
92	256	-5.e-1
92	295	-5.e-1
93	16	-5.2632e-2
93	17	-5.2632e-2
93	22	-5.e-2
93	26	-5.e-2
93	35	-5.2632e-2
93	37	-5.2632e-2
93	43	-5.2632e-2
93	47	-5.e-2
93	61	-5.e-2
93	71	-5.2632e-2
93	78	-5.e-2
93	88	-5.2632e-2
93	93	3.999999
93	95	-5.2632e-2
93	102	-5.2632e-2
93	113	-1
93	116	-5.2632e-2
93	123	-5.2632e-2
93	132	-5.2632e-2
93	148	-5.e-1
93	149	-5.2632e-2
93	159	-5.e-2
93	168	-5.e-2
93	174	-5.e-2
93	175	-5.2632e-2
93	178	-5.e-2
93	198	-5.52632e-1
93	207	-5.e-2
93	212	-5.e-2
93	216	-5.2632e-2
93	244	-5.e-2
93	246	-5.e-2
93	265	-5.2632e-2
93	268	-5.2632e-2
93	274	-5.e-2
93	275	-5.e-2
93	278	-5.e-2
93	280	-5.e-2
93	281	-5.e-2
93	285	-5.2632e-2
93	293	-1.e-1
94	65	-1
94	94	4
94	154	-1
94	271	-1
94	286	-1
95	16	-5.2632e-2
95	17	-5.2632e-2
95	31	-5.2632e-2
95	35	-5.2632e-2
95	37	-5.2632e-2
95	43	-1.05263e-1
95	64	-5.2632e-2
95	71	-5.2632e-2
95	73	-5.2632e-2
95	77	-3.85965e-1
95	81	-5.e-1
95	88	-5.2632e-2
95	93	-5.2632e-2
95	95	4.000001
95	102	-5.2632e-2
95	110	-5.2632e-2
95	116	-5.2632e-2
95	123	-5.2632e-2
95	129	-5.2632e-2
95	132	-5.2632e-2
95	140	-5.2632e-2
95	149	-5.2632e-2
95	159	-5.2632e-2
95	168	-5.2632e-2
95	169	-3.33333e-1
95	175	-5.2632e-2
95	178	-5.e-1
95	198	-5.2632e-2
95	216	-5.2632e-2
95	221	-5.2632e-2
95	223	-3.85965e-1
95	234	-5.2632e-2
95	247	-5.2632e-2
95	251	-5.2632e-2
95	263	-5.2632e-2
95	265	-5.2632e-2
95	268	-5.2632e-2
95	279	-5.2632e-2
95	285	-1.05263e-1
95	287	-5.2632e-2
96	2	-1.11111e-1
96	38	-1.11111e-1
96	39	-1
96	96	4
96	111	-1
96	116	-1.11111e-1
96	118	-1.11111e-1
96	165	-3.33333e-1
96	199	-1.11111e-1
96	215	-1.11111e-1
96	227	-3.33333e-1
96	261	-3.33333e-1
96	287	-1.11111e-1
96	288	-1.11111e-1
96	290	-1.11111e-1
97	20	-5.e-1
97	61	-5.e-1
97	66	-5.e-1
97	76	-1
97	97	4
97	277	-1
97	298	-5.e-1
98	20	-3.33333e-1
98	38	-5.e-1
98	43	-3.33333e-1
98	98	4
98	135	-3.33333e-1
98	171	-3.33333e-1
98	181	-5.e-1
98	201	-5.e-1
98	208	-3.33333e-1
98	219	-3.33333e-1
98	268	-5.e-1
99	19	-1.11111e-1
99	29	-1.11111e-1
99	35	-3.33333e-1
99	43	-3.33333e-1
99	50	-1.11111e-1
99	65	-1.11111e-1
99	66	-1.11111e-1
99	74	-3.33333e-1
99	99	4
99	141	-3.33333e-1
99	191	-3.33333e-1
99	239	-1.11111e-1
99	275	-3.33333e-1
99	293	-1.11111e-1
99	296	-1.11111e-1
99	299	-1.111111
100	64	-5.e-1
100	100	4
100	123	-5.e-1
100	150	-1
100	210	-5.e-1
100	217	-5.e-1
100	291	-1
101	13	-5.e-1
101	23	-1
101	30	-3.33333e-1
101	101	3
101	226	-5.e-1
101	288	-3.33333e-1
101	292	-3.33333e-1
102	16	-5.2632e-2
102	17	-5.2632e-2
102	35	-5.2632e-2
102	37	-5.2632e-2
102	43	-5.2632e-2
102	71	-5.2632e-2
102	88	-5.2632e-2
102	93	-5.2632e-2
102	95	-5.2632e-2
102	102	3
102	116	-5.2632e-2
102	123	-5.2632e-2
102	132	-5.2632e-2
102	149	-5.2632e-2
102	169	-1
102	175	-5.2632e-2
102	198	-5.2632e-2
102	216	-5.2632e-2
102	243	-1
102	265	-5.2632e-2
102	268	-5.2632e-2
102	285	-5.2632e-2
103	22	-5.e-1
103	58	-1
103	75	-5.e-1
103	103	3
103	139	-1
104	1	-1.11111e-1
104	7	-3.33333e-1
104	44	-1.11111e-1
104	83	-3.33333e-1
104	104	3
104	160	-1.11111e-1
104	189	-1.11111e-1
104	193	-5.e-1
104	203	-1.11111e-1
104	216	-3.33333e-1
104	228	-5.e-1
104	277	-1.11111e-1
104	281	-1.11111e-1
104	282	-1.11111e-1
104	299	-1.11111e-1
105	52	-1
105	105	3
105	133	-3.33333e-1
105	188	-3.33333e-1
105	262	-3.33333e-1
105	273	-3.33333e-1
105	282	-3.33333e-1
105	300	-3.33333e-1
106	25	-5.e-1
106	28	-5.e-1
106	106	3
106	219	-1
106	230	-5.e-1
106	287	-5.e-1
107	107	3
107	126	-5.e-1
107	210	-1
107	225	-5.e-1
107	272	-5.e-1
108	108	3
108	127	-3.33333e-1
108	194	-3.33333e-1
108	260	-3.33333e-1
108	269	-3.33333e-1
108	271	-3.33333e-1
108	276	-3.33333e-1
108	294	-1
109	6	-5.e-1
109	109	1.5
109	295	-5.e-1
110	31	-5.2632e-2
110	43	-5.2632e-2
110	64	-5.2632e-2
110	73	-5.2632e-2
110	74	-3.33333e-1
110	77	-5.2632e-2
110	95	-5.2632e-2
110	110	3
110	129	-5.2632e-2
110	136	-3.33333e-1
110	140	-5.2632e-2
110	159	-5.2632e-2
110	168	-5.2632e-2
110	179	-3.33333e-1
110	221	-5.2632e-2
110	223	-5.2632e-2
110	234	-5.2632e-2
110	247	-5.2632e-2
110	251	-5.2632e-2
110	263	-5.2632e-2
110	278	-1
110	279	-5.2632e-2
110	285	-5.2632e-2
110	287	-5.2632e-2
111	37	-5.e-1
111	53	-3.33333e-1
111	62	-5.e-1
111	96	-1
111	111	3
111	163	-3.33333e-1
111	262	-3.33333e-1
112	112	3
112	121	-3.33333e-1
112	250	-3.33333e-1
112	269	-1
112	291	-3.33333e-1
112	295	-1
113	93	-1
113	113	3
113	182	-1
113	218	-1
114	10	-3.33333e-1
114	114	3
114	266	-5.e-1
114	272	-3.33333e-1
114	273	-5.e-1
114	284	-1
115	87	-5.e-1
115	115	3
115	222	-1
115	265	-3.33333e-1
115	270	-3.33333e-1
115	275	-3.33333e-1
115	297	-5.e-1
116	2	-1.11111e-1
116	16	-5.2632e-2
116	17	-5.2632e-2
116	28	-5.e-1
116	35	-5.2632e-2
116	37	-5.2632e-2
116	38	-1.11111e-1
116	43	-5.2632e-2
116	71	-5.2632e-2
116	88	-5.2632e-2
116	93	-5.2632e-2
116	95	-5.2632e-2
116	96	-1.11111e-1
116	102	-5.2632e-2
116	116	3
116	118	-1.11111e-1
116	123	-5.2632e-2
116	132	-5.2632e-2
116	149	-5.2632e-2
116	171	-5.e-1
116	175	-5.2632e-2
116	198	-5.2632e-2
116	199	-1.11111e-1
116	215	-1.11111e-1
116	216	-5.2632e-2
116	265	-5.2632e-2
116	268	-5.2632e-2
116	285	-5.2632e-2
116	287	-1.11111e-1
116	288	-1.11111e-1
116	290	-1.11111e-1
117	18	-5.e-1
117	72	-3.33333e-1
117	117	3
117	126	-3.33333e-1
117	220	-1
117	249	-3.33333e-1
117	275	-5.e-1
118	2	-1.11111e-1
118	36	-1
118	38	-1.11111e-1
118	96	-1.11111e-1
118	116	-1.11111e-1
118	118	3
118	199	-1.11111e-1
118	215	-1.11111e-1
118	255	-1
118	287	-1.11111e-1
118	288	-1.11111e-1
118	290	-1.11111e-1
119	16	-1.11111e-1
119	25	-1.11111e-1
119	38	-1.11111e-1
119	50	-1.11111e-1
119	54	-1.11111e-1
119	83	-1.11111e-1
119	119	3
119	129	-1.11111e-1
119	144	-1.11111e-1
119	156	-1.11111e-1
119	202	-1.11111e-1
119	208	-1.11111e-1
119	238	-1.11111e-1
119	272	-1
119	277	-1.11111e-1
119	285	-1.11111e-1
119	290	-1.11111e-1
119	291	-1.11111e-1
119	299	-1.11111e-1
120	16	-5.e-1
120	120	3
120	224	-1
120	242	-5.e-1
120	298	-1
121	58	-1
121	112	-3.33333e-1
121	121	3
121	250	-3.33333e-1
121	263	-1
121	291	-3.33333e-1
122	42	-5.e-1
122	92	-5.e-1
122	122	3
122	136	-1
122	296	-1
123	16	-5.2632e-2
123	17	-5.2632e-2
123	35	-5.2632e-2
123	37	-5.2632e-2
123	43	-5.2632e-2
123	71	-5.2632e-2
123	80	-5.e-1
123	88	-5.2632e-2
123	93	-5.2632e-2
123	95	-5.2632e-2
123	100	-5.e-1
123	102	-5.2632e-2
123	116	-5.2632e-2
123	123	3.000001
123	132	-5.2632e-2
123	149	-5.2632e-2
123	175	-5.2632e-2
123	198	-5.2632e-2
123	210	-5.e-1
123	216	-5.2632e-2
123	217	-5.e-1
123	265	-5.2632e-2
123	268	-5.2632e-2
123	285	-5.2632e-2
124	11	-1
124	124	3
124	189	-1
124	272	-5.e-1
124	285	-5.e-1
125	8	-1.11111e-1
125	45	-1.11111e-1
125	73	-1
125	79	-1.11111e-1
125	84	-1.11111e-1
125	125	3
125	133	-1.11111e-1
125	172	-1
125	188	-1.11111e-1
125	215	-1.11111e-1
125	259	-1.11111e-1
125	266	-1.11111e-1
126	72	-3.33333e-1
126	107	-5.e-1
126	117	-3.33333e-1
126	126	3
126	249	-3.33333e-1
126	266	-1
126	272	-5.e-1
127	82	-5.e-1
127	108	-3.33333e-1
127	127	3
127	254	-5.e-1
127	267	-1
127	269	-3.33333e-1
127	271	-3.33333e-1
128	15	-5.e-1
128	128	3
128	142	-1
128	224	-5.e-1
128	277	-1
129	16	-1.11111e-1
129	31	-5.2632e-2
129	38	-1.11111e-1
129	43	-5.2632e-2
129	50	-1.11111e-1
129	54	-1.11111e-1
129	64	-5.2632e-2
129	73	-5.2632e-2
129	77	-5.2632e-2
129	83	-1.11111e-1
129	95	-5.2632e-2
129	110	-5.2632e-2
129	119	-1.11111e-1
129	129	3
129	140	-5.2632e-2
129	144	-1.11111e-1
129	146	-1
129	159	-5.2632e-2
129	168	-5.2632e-2
129	221	-5.2632e-2
129	223	-5.2632e-2
129	234	-5.2632e-2
129	247	-5.2632e-2
129	251	-5.2632e-2
129	263	-5.2632e-2
129	279	-5.2632e-2
129	285	-1.63743e-1
129	287	-5.2632e-2
129	290	-1.11111e-1
130	6	-1.11111e-1
130	24	-3.33333e-1
130	54	-1.11111e-1
130	83	-1.11111e-1
130	88	-1.11111e-1
130	90	-3.33333e-1
130	130	3
130	161	-1.11111e-1
130	168	-5.e-1
130	202	-1.11111e-1
130	222	-1.11111e-1
130	234	-1.11111e-1
130	253	-1.11111e-1
130	260	-5.e-1
130	296	-3.33333e-1
131	11	-1.11111e-1
131	27	-5.e-1
131	51	-1.11111e-1
131	52	-1.11111e-1
131	60	-1.11111e-1
131	68	-1.11111e-1
131	91	-1.11111e-1
131	92	-1.11111e-1
131	131	3
131	136	-1.11111e-1
131	199	-1.11111e-1
131	260	-1
131	283	-5.e-1
132	16	-5.2632e-2
132	17	-5.2632e-2
132	35	-5.2632e-2
132	37	-5.2632e-2
132	40	-1
132	43	-5.2632e-2
132	71	-5.2632e-2
132	88	-5.2632e-2
132	93	-5.2632e-2
132	95	-5.2632e-2
132	102	-5.2632e-2
132	116	-5.2632e-2
132	123	-5.2632e-2
132	132	3.000001
132	149	-5.2632e-2
132	175	-5.2632e-2
132	183	-3.33333e-1
132	198	-5.2632e-2
132	216	-5.2632e-2
132	262	-3.33333e-1
132	265	-5.2632e-2
132	268	-5.2632e-2
132	275	-3.33333e-1
132	285	-5.2632e-2
133	8	-1.11111e-1
133	41	-3.33333e-1
133	45	-1.11111e-1
133	79	-1.11111e-1
133	84	-1.11111e-1
133	105	-3.33333e-1
133	125	-1.11111e-1
133	133	3
133	188	-4.44444e-1
133	209	-3.33333e-1
133	215	-1.11111e-1
133	259	-1.11111e-1
133	261	-3.33333e-1
133	262	-3.33333e-1
133	266	-1.11111e-1
134	33	-5.e-1
134	41	-3.33333e-1
134	134	3
134	195	-5.e-1
134	237	-5.e-1
134	258	-3.33333e-1
134	277	-5.e-1
134	292	-3.33333e-1
135	20	-3.33333e-1
135	26	-5.e-1
135	43	-3.33333e-1
135	98	-3.33333e-1
135	135	3
135	204	-3.33333e-1
135	251	-3.33333e-1
135	256	-3.33333e-1
135	290	-5.e-1
136	11	-1.11111e-1
136	51	-1.11111e-1
136	52	-1.11111e-1
136	60	-1.11111e-1
136	68	-1.11111e-1
136	74	-3.33333e-1
136	91	-1.11111e-1
136	92	-1.11111e-1
136	110	-3.33333e-1
136	122	-1
136	131	-1.11111e-1
136	136	3
136	179	-3.33333e-1
136	199	-1.11111e-1
137	41	-3.33333e-1
137	81	-1
137	137	3
137	149	-3.33333e-1
137	154	-1
137	283	-3.33333e-1
138	57	-5.e-1
138	74	-3.33333e-1
138	82	-3.33333e-1
138	138	3
138	180	-5.e-1
138	196	-3.33333e-1
138	290	-1
139	91	-3.33333e-1
139	103	-1
139	139	3
139	173	-3.33333e-1
139	270	-1
139	285	-3.33333e-1
140	1	-1
140	31	-5.2632e-2
140	43	-5.2632e-2
140	64	-5.2632e-2
140	73	-5.2632e-2
140	77	-5.2632e-2
140	95	-5.2632e-2
140	110	-5.2632e-2
140	129	-5.2632e-2
140	140	3.000001
140	157	-1
140	159	-5.2632e-2
140	168	-5.2632e-2
140	221	-5.2632e-2
140	223	-5.2632e-2
140	234	-5.2632e-2
140	247	-5.2632e-2
140	251	-5.2632e-2
140	263	-5.2632e-2
140	279	-5.2632e-2
140	285	-5.2632e-2
140	287	-5.2632e-2
141	54	-3.33333e-1
141	74	-3.33333e-1
141	99	-3.33333e-1
141	141	3
141	170	-5.e-1
141	171	-3.33333e-1
141	195	-3.33333e-1
141	275	-3.33333e-1
141	291	-5.e-1
142	128	-1
142	142	3
142	287	-1
142	297	-1
143	35	-1
143	61	-5.e-1
143	143	3
143	242	-5.e-1
143	273	-5.e-1
143	294	-5.e-1
144	16	-1.11111e-1
144	38	-1.11111e-1
144	50	-1.11111e-1
144	54	-1.11111e-1
144	83	-1.11111e-1
144	119	-1.11111e-1
144	129	-1.11111e-1
144	144	3
144	146	-5.e-1
144	187	-5.e-1
144	204	-5.e-1
144	282	-5.e-1
144	285	-1.11111e-1
144	290	-1.11111e-1
145	29	-3.33333e-1
145	39	-5.e-1
145	145	3
145	194	-3.33333e-1
145	216	-3.33333e-1
145	264	-5.e-1
145	280	-1
146	79	-1
146	129	-1
146	144	-5.e-1
146	146	3
146	204	-5.e-1
147	6	-1
147	46	-3.33333e-1
147	80	-3.33333e-1
147	147	3
147	174	-3.33333e-1
147	269	-1
148	80	-1
148	93	-5.e-1
148	148	3
148	198	-5.e-1
148	251	-1
149	16	-5.2632e-2
149	17	-5.2632e-2
149	35	-5.2632e-2
149	37	-5.2632e-2
149	41	-3.33333e-1
149	43	-5.2632e-2
149	56	-3.33333e-1
149	71	-5.2632e-2
149	74	-3.33333e-1
149	88	-5.2632e-2
149	93	-5.2632e-2
149	95	-5.2632e-2
149	102	-5.2632e-2
149	116	-5.2632e-2
149	123	-5.2632e-2
149	132	-5.2632e-2
149	137	-3.33333e-1
149	149	3
149	175	-5.2632e-2
149	178	-3.33333e-1
149	198	-5.2632e-2
149	216	-5.2632e-2
149	265	-5.2632e-2
149	268	-5.2632e-2
149	283	-3.33333e-1
149	285	-5.2632e-2
150	28	-5.e-1
150	71	-1
150	100	-1
150	150	3
150	274	-5.e-1
151	1	-1.11111e-1
151	18	-3.33333e-1
151	47	-1.11111e-1
151	75	-3.33333e-1
151	86	-1.11111e-1
151	151	3
151	153	-1.11111e-1
151	163	-3.33333e-1
151	167	-1
151	177	-1.11111e-1
151	181	-1.11111e-1
151	230	-1.11111e-1
151	249	-1.11111e-1
151	280	-1.11111e-1
152	42	-1
152	59	-1
152	82	-3.33333e-1
152	152	3
152	194	-3.33333e-1
152	270	-3.33333e-1
153	1	-1.11111e-1
153	47	-1.11111e-1
153	86	-1.11111e-1
153	151	-1.11111e-1
153	153	3
153	175	-1
153	177	-1.11111e-1
153	181	-1.11111e-1
153	220	-1
153	230	-1.11111e-1
153	249	-1.11111e-1
153	280	-1.11111e-1
154	94	-1
154	137	-1
154	154	3
154	186	-1
155	12	-1
155	22	-1
155	67	-5.e-1
155	155	3
155	267	-5.e-1
156	25	-1.11111e-1
156	33	-5.e-1
156	119	-1.11111e-1
156	156	3
156	161	-5.e-1
156	202	-1.11111e-1
156	208	-1.11111e-1
156	231	-3.33333e-1
156	238	-1.11111e-1
156	272	-3.33333e-1
156	277	-1.11111e-1
156	283	-3.33333e-1
156	291	-1.11111e-1
156	299	-1.11111e-1
157	23	-3.33333e-1
157	36	-1.11111e-1
157	40	-1.11111e-1
157	88	-1.11111e-1
157	140	-1
157	157	3
157	196	-1.11111e-1
157	205	-2.22222e-1
157	232	-1.11111e-1
157	256	-3.33333e-1
157	259	-3.33333e-1
157	276	-1.11111e-1
157	286	-1.11111e-1
158	24	-3.33333e-1
158	48	-3.33333e-1
158	62	-3.33333e-1
158	158	3
158	172	-3.33333e-1
158	192	-3.33333e-1
158	197	-3.33333e-1
158	226	-5.e-1
158	273	-5.e-1
159	22	-5.e-2
159	26	-5.e-2
159	31	-5.2632e-2
159	43	-5.2632e-2
159	47	-5.e-2
159	61	-5.e-2
159	64	-5.2632e-2
159	73	-5.2632e-2
159	77	-5.2632e-2
159	78	-5.e-2
159	93	-5.e-2
159	95	-5.2632e-2
159	110	-5.2632e-2
159	129	-5.2632e-2
159	140	-5.2632e-2
159	159	2.999999
159	164	-1
159	168	-1.02632e-1
159	174	-5.e-2
159	178	-5.e-2
159	207	-5.e-2
159	212	-5.e-2
159	221	-5.2632e-2
159	223	-5.2632e-2
159	234	-5.2632e-2
159	244	-5.e-2
159	246	-5.e-2
159	247	-5.2632e-2
159	251	-5.2632e-2
159	263	-5.2632e-2
159	274	-5.e-2
159	275	-5.e-2
159	278	-5.e-2
159	279	-5.2632e-2
159	280	-5.e-2
159	281	-5.e-2
159	285	-5.2632e-2
159	287	-5.2632e-2
159	293	-1.e-1
160	1	-1.11111e-1
160	13	-3.33333e-1
160	40	-3.33333e-1
160	44	-1.11111e-1
160	77	-3.33333e-1
160	104	-1.11111e-1
160	160	3
160	179	-3.33333e-1
160	189	-1.11111e-1
160	203	-1.11111e-1
160	209	-3.33333e-1
160	241	-3.33333e-1
160	277	-1.11111e-1
160	281	-1.11111e-1
160	282	-1.11111e-1
160	299	-1.11111e-1
161	6	-1.11111e-1
161	33	-5.e-1
161	54	-1.11111e-1
161	78	-1
161	83	-1.11111e-1
161	88	-1.11111e-1
161	130	-1.11111e-1
161	156	-5.e-1
161	161	3
161	202	-1.11111e-1
161	222	-1.11111e-1
161	234	-1.11111e-1
161	253	-1.11111e-1
162	162	3
162	202	-1
162	206	-1
162	265	-5.e-1
162	278	-5.e-1
163	18	-3.33333e-1
163	19	-3.33333e-1
163	53	-3.33333e-1
163	75	-3.33333e-1
163	111	-3.33333e-1
163	151	-3.33333e-1
163	163	3
163	203	-3.33333e-1
163	262	-3.33333e-1
163	266	-3.33333e-1
164	159	-1
164	164	3
164	213	-1
164	273	-1
165	96	-3.33333e-1
165	165	3
165	227	-3.33333e-1
165	258	-1
165	261	-3.33333e-1
165	297	-1
166	166	3
166	179	-1
166	184	-1
166	253	-1
167	84	-1
167	151	-1
167	167	3
167	241	-1
168	22	-5.e-2
168	26	-5.e-2
168	31	-5.2632e-2
168	43	-5.2632e-2
168	47	-5.e-2
168	61	-5.e-2
168	64	-5.2632e-2
168	73	-5.2632e-2
168	77	-5.2632e-2
168	78	-5.e-2
168	93	-5.e-2
168	95	-5.2632e-2
168	110	-5.2632e-2
168	129	-5.2632e-2
168	130	-5.e-1
168	140	-5.2632e-2
168	159	-1.02632e-1
168	168	3.000001
168	174	-5.e-2
168	178	-5.e-2
168	207	-5.e-2
168	212	-5.e-2
168	221	-5.2632e-2
168	223	-5.2632e-2
168	234	-5.2632e-2
168	244	-5.e-2
168	246	-5.e-2
168	247	-5.2632e-2
168	251	-5.2632e-2
168	260	-5.e-1
168	263	-5.2632e-2
168	274	-5.e-2
168	275	-5.e-2
168	278	-5.e-2
168	279	-5.2632e-2
168	280	-5.e-2
168	281	-5.e-2
168	285	-5.2632e-2
168	287	-5.2632e-2
168	293	-1.e-1
169	65	-5.e-1
169	77	-3.33333e-1
169	95	-3.33333e-1
169	102	-1
169	169	3
169	223	-3.33333e-1
169	238	-5.e-1
170	141	-5.e-1
170	170	3
170	221	-1
170	291	-5.e-1
170	292	-1
171	28	-5.e-1
171	54	-3.33333e-1
171	98	-3.33333e-1
171	116	-5.e-1
171	141	-3.33333e-1
171	171	3
171	195	-3.33333e-1
171	208	-3.33333e-1
171	219	-3.33333e-1
172	48	-3.33333e-1
172	125	-1
172	158	-3.33333e-1
172	172	3
172	192	-3.33333e-1
172	198	-5.e-1
172	217	-5.e-1
173	7	-5.e-1
173	91	-3.33333e-1
173	139	-3.33333e-1
173	173	3
173	183	-5.e-1
173	213	-5.e-1
173	261	-5.e-1
173	285	-3.33333e-1
174	6	-1
174	22	-5.e-2
174	26	-5.e-2
174	46	-3.33333e-1
174	47	-5.e-2
174	61	-5.e-2
174	78	-5.e-2
174	80	-3.33333e-1
174	93	-5.e-2
174	147	-3.33333e-1
174	159	-5.e-2
174	168	-5.e-2
174	174	2.999999
174	178	-5.e-2
174	207	-5.e-2
174	212	-5.e-2
174	244	-5.e-2
174	246	-5.e-2
174	274	-5.e-2
174	275	-5.e-2
174	278	-5.e-2
174	280	-5.e-2
174	281	-5.e-2
174	293	-1.e-1
175	16	-5.2632e-2
175	17	-5.2632e-2
175	35	-5.2632e-2
175	37	-5.2632e-2
175	43	-5.2632e-2
175	71	-5.2632e-2
175	88	-5.2632e-2
175	93	-5.2632e-2
175	95	-5.2632e-2
175	102	-5.2632e-2
175	116	-5.2632e-2
175	123	-5.2632e-2
175	132	-5.2632e-2
175	149	-5.2632e-2
175	153	-1
175	175	3
175	187	-5.e-1
175	198	-5.2632e-2
175	216	-5.2632e-2
175	255	-5.e-1
175	265	-5.2632e-2
175	268	-5.2632e-2
175	285	-5.2632e-2
176	89	-1
176	176	3
176	188	-1
176	279	-1
177	1	-1.11111e-1
177	47	-1.11111e-1
177	67	-1
177	86	-6.11111e-1
177	151	-1.11111e-1
177	153	-1.11111e-1
177	177	3
177	181	-1.11111e-1
177	230	-1.11111e-1
177	249	-1.11111e-1
177	267	-5.e-1
177	280	-1.11111e-1
178	22	-5.e-2
178	26	-5.e-2
178	47	-5.e-2
178	56	-3.33333e-1
178	61	-5.e-2
178	74	-3.33333e-1
178	78	-5.e-2
178	81	-5.e-1
178	93	-5.e-2
178	95	-5.e-1
178	149	-3.33333e-1
178	159	-5.e-2
178	168	-5.e-2
178	174	-5.e-2
178	178	2.999999
178	207	-5.e-2
178	212	-5.e-2
178	244	-5.e-2
178	246	-5.e-2
178	274	-5.e-2
178	275	-5.e-2
178	278	-5.e-2
178	280	-5.e-2
178	281	-5.e-2
178	293	-1.e-1
179	74	-3.33333e-1
179	110	-3.33333e-1
179	136	-3.33333e-1
179	160	-3.33333e-1
179	166	-1
179	179	3
179	209	-3.33333e-1
179	241	-3.33333e-1
180	32	-1
180	57	-5.e-1
180	138	-5.e-1
180	180	3
180	214	-1
181	1	-1.11111e-1
181	47	-1.11111e-1
181	63	-1
181	86	-1.11111e-1
181	98	-5.e-1
181	151	-1.11111e-1
181	153	-1.11111e-1
181	177	-1.11111e-1
181	181	3
181	230	-1.11111e-1
181	249	-1.11111e-1
181	268	-5.e-1
181	280	-1.11111e-1
182	17	-1
182	113	-1
182	182	3
182	298	-1
183	7	-5.e-1
183	132	-3.33333e-1
183	173	-5.e-1
183	183	3
183	262	-3.33333e-1
183	275	-3.33333e-1
183	287	-1
184	28	-5.e-1
184	166	-1
184	184	3
184	222	-1
184	291	-5.e-1
185	15	-1
185	87	-1
185	185	3
186	34	-1
186	154	-1
186	186	3
186	232	-1
187	76	-5.e-1
187	144	-5.e-1
187	175	-5.e-1
187	187	3
187	255	-5.e-1
187	282	-5.e-1
187	289	-5.e-1
188	8	-1.11111e-1
188	45	-1.11111e-1
188	79	-1.11111e-1
188	84	-1.11111e-1
188	105	-3.33333e-1
188	125	-1.11111e-1
188	133	-4.44444e-1
188	176	-1
188	188	3
188	215	-1.11111e-1
188	259	-1.11111e-1
188	262	-3.33333e-1
188	266	-1.11111e-1
189	1	-1.11111e-1
189	44	-1.11111e-1
189	104	-1.11111e-1
189	124	-1
189	160	-1.11111e-1
189	189	3
189	203	-1.11111e-1
189	277	-1.11111e-1
189	281	-1.11111e-1
189	282	-1.11111e-1
189	297	-1
189	299	-1.11111e-1
190	26	-3.33333e-1
190	51	-3.33333e-1
190	190	1.5
190	192	-5.e-1
190	284	-3.33333e-1
191	10	-5.e-1
191	35	-3.33333e-1
191	43	-3.33333e-1
191	99	-3.33333e-1
191	191	3
191	254	-1
191	267	-5.e-1
192	32	-3.33333e-1
192	48	-3.33333e-1
192	158	-3.33333e-1
192	172	-3.33333e-1
192	190	-1
192	192	3
192	274	-3.33333e-1
192	275	-3.33333e-1
193	11	-1
193	39	-1
193	104	-5.e-1
193	193	3
193	228	-5.e-1
194	29	-3.33333e-1
194	82	-3.33333e-1
194	108	-3.33333e-1
194	145	-3.33333e-1
194	152	-3.33333e-1
194	194	3
194	216	-3.33333e-1
194	260	-3.33333e-1
194	270	-3.33333e-1
194	276	-3.33333e-1
195	54	-3.33333e-1
195	90	-1
195	134	-5.e-1
195	141	-3.33333e-1
195	171	-3.33333e-1
195	195	3
195	237	-5.e-1
196	36	-1.11111e-1
196	40	-1.11111e-1
196	74	-3.33333e-1
196	82	-3.33333e-1
196	88	-1.11111e-1
196	138	-3.33333e-1
196	157	-1.11111e-1
196	196	3
196	205	-2.22222e-1
196	232	-1.11111e-1
196	265	-1
196	276	-1.11111e-1
196	286	-1.11111e-1
197	24	-3.33333e-1
197	46	-3.33333e-1
197	49	-5.e-1
197	62	-3.33333e-1
197	92	-3.33333e-1
197	158	-3.33333e-1
197	197	3
197	200	-3.33333e-1
197	261	-5.e-1
198	16	-5.2632e-2
198	17	-5.2632e-2
198	35	-5.2632e-2
198	37	-5.2632e-2
198	43	-5.2632e-2
198	71	-5.2632e-2
198	88	-5.2632e-2
198	93	-5.52632e-1
198	95	-5.2632e-2
198	102	-5.2632e-2
198	116	-5.2632e-2
198	123	-5.2632e-2
198	132	-5.2632e-2
198	148	-5.e-1
198	149	-5.2632e-2
198	172	-5.e-1
198	175	-5.2632e-2
198	198	3.000001
198	216	-5.2632e-2
198	217	-5.e-1
198	265	-5.2632e-2
198	268	-5.2632e-2
198	285	-5.2632e-2
199	2	-1.11111e-1
199	11	-1.11111e-1
199	38	-1.11111e-1
199	51	-1.11111e-1
199	52	-1.11111e-1
199	60	-1.11111e-1
199	68	-1.11111e-1
199	91	-1.11111e-1
199	92	-1.11111e-1
199	96	-1.11111e-1
199	116	-1.11111e-1
199	118	-1.11111e-1
199	131	-1.11111e-1
199	136	-1.11111e-1
199	199	3
199	214	-1
199	215	-1.11111e-1
199	287	-1.11111e-1
199	288	-1.11111e-1
199	290	-1.11111e-1
200	19	-1
200	25	-1
200	46	-3.33333e-1
200	92	-3.33333e-1
200	197	-3.33333e-1
200	200	3
201	10	-5.e-1
201	38	-5.e-1
201	85	-5.e-1
201	98	-5.e-1
201	201	3
201	203	-5.e-1
201	278	-5.e-1
202	6	-1.11111e-1
202	25	-1.11111e-1
202	54	-1.11111e-1
202	83	-1.11111e-1
202	88	-1.11111e-1
202	119	-1.11111e-1
202	130	-1.11111e-1
202	156	-1.11111e-1
202	161	-1.11111e-1
202	162	-1
202	202	3.000001
202	208	-1.11111e-1
202	222	-1.11111e-1
202	234	-1.11111e-1
202	238	-1.11111e-1
202	253	-1.11111e-1
202	277	-1.11111e-1
202	291	-1.11111e-1
202	299	-1.11111e-1
203	1	-1.11111e-1
203	10	-5.e-1
203	19	-3.33333e-1
203	44	-1.11111e-1
203	104	-1.11111e-1
203	160	-1.11111e-1
203	163	-3.33333e-1
203	189	-1.11111e-1
203	201	-5.e-1
203	203	3
203	266	-3.33333e-1
203	277	-1.11111e-1
203	281	-1.11111e-1
203	282	-1.11111e-1
203	299	-1.11111e-1
204	26	-1
204	135	-3.33333e-1
204	144	-5.e-1
204	146	-5.e-1
204	204	3
204	251	-3.33333e-1
204	256	-3.33333e-1
205	17	-1
205	36	-1.11111e-1
205	40	-1.11111e-1
205	88	-1.11111e-1
205	157	-1.11111e-1
205	196	-1.11111e-1
205	205	1.888889
205	232	-1.11111e-1
205	276	-1.11111e-1
205	286	-1.11111e-1
206	23	-1
206	162	-1
206	206	3
206	211	-3.33333e-1
206	240	-3.33333e-1
206	280	-3.33333e-1
207	22	-5.e-2
207	26	-5.e-2
207	42	-3.33333e-1
207	47	-5.e-2
207	55	-1
207	61	-5.e-2
207	78	-5.e-2
207	91	-3.33333e-1
207	93	-5.e-2
207	159	-5.e-2
207	168	-5.e-2
207	174	-5.e-2
207	178	-5.e-2
207	207	2.999999
207	212	-5.e-2
207	244	-5.e-2
207	246	-5.e-2
207	274	-5.e-2
207	275	-5.e-2
207	278	-5.e-2
207	280	-5.e-2
207	281	-5.e-2
207	293	-1.e-1
207	297	-3.33333e-1
208	7	-1
208	25	-1.11111e-1
208	98	-3.33333e-1
208	119	-1.11111e-1
208	156	-1.11111e-1
208	171	-3.33333e-1
208	202	-1.11111e-1
208	208	3
208	219	-3.33333e-1
208	238	-1.11111e-1
208	277	-1.11111e-1
208	291	-1.11111e-1
208	299	-1.11111e-1
209	41	-3.33333e-1
209	133	-3.33333e-1
209	160	-3.33333e-1
209	179	-3.33333e-1
209	209	3
209	241	-3.33333e-1
209	257	-1
209	261	-3.33333e-1
210	100	-5.e-1
210	107	-1
210	123	-5.e-1
210	210	3
210	293	-1
211	18	-5.e-1
211	39	-5.e-1
211	57	-1
211	206	-3.33333e-1
211	211	3
211	240	-3.33333e-1
211	280	-3.33333e-1
212	3	-1
212	22	-5.e-2
212	26	-5.e-2
212	31	-5.e-1
212	47	-5.e-2
212	60	-5.e-1
212	61	-5.e-2
212	78	-5.e-2
212	93	-5.e-2
212	159	-5.e-2
212	168	-5.e-2
212	174	-5.e-2
212	178	-5.e-2
212	207	-5.e-2
212	212	2.999999
212	244	-5.e-2
212	246	-5.e-2
212	274	-5.e-2
212	275	-5.e-2
212	278	-5.e-2
212	280	-5.e-2
212	281	-5.e-2
212	293	-1.e-1
213	164	-1
213	173	-5.e-1
213	213	3
213	261	-5.e-1
213	282	-1
214	24	-1
214	180	-1
214	199	-1
214	214	3
215	2	-1.11111e-1
215	8	-1.11111e-1
215	38	-1.11111e-1
215	45	-1.11111e-1
215	79	-1.11111e-1
215	84	-1.11111e-1
215	96	-1.11111e-1
215	116	-1.11111e-1
215	118	-1.11111e-1
215	125	-1.11111e-1
215	133	-1.11111e-1
215	188	-1.11111e-1
215	199	-1.11111e-1
215	215	3.000001
215	242	-1
215	259	-1.11111e-1
215	266	-1.11111e-1
215	287	-1.11111e-1
215	288	-1.11111e-1
215	290	-1.11111e-1
216	7	-3.33333e-1
216	16	-5.2632e-2
216	17	-5.2632e-2
216	29	-3.33333e-1
216	35	-5.2632e-2
216	37	-5.2632e-2
216	43	-5.2632e-2
216	71	-5.2632e-2
216	83	-3.33333e-1
216	88	-5.2632e-2
216	93	-5.2632e-2
216	95	-5.2632e-2
216	102	-5.2632e-2
216	104	-3.33333e-1
216	116	-5.2632e-2
216	123	-5.2632e-2
216	132	-5.2632e-2
216	145	-3.33333e-1
216	149	-5.2632e-2
216	175	-5.2632e-2
216	194	-3.33333e-1
216	198	-5.2632e-2
216	216	3
216	265	-5.2632e-2
216	268	-5.2632e-2
216	285	-5.2632e-2
217	64	-5.e-1
217	80	-5.e-1
217	100	-5.e-1
217	123	-5.e-1
217	172	-5.e-1
217	198	-5.e-1
217	217	3
218	22	-1
218	82	-1
218	113	-1
218	218	3
219	98	-3.33333e-1
219	106	-1
219	171	-3.33333e-1
219	208	-3.33333e-1
219	219	3
219	284	-1
220	11	-1
220	117	-1
220	153	-1
220	220	3
221	27	-1
221	31	-5.2632e-2
221	43	-5.2632e-2
221	64	-5.2632e-2
221	73	-5.2632e-2
221	77	-5.2632e-2
221	95	-5.2632e-2
221	110	-5.2632e-2
221	129	-5.2632e-2
221	140	-5.2632e-2
221	159	-5.2632e-2
221	168	-5.2632e-2
221	170	-1
221	221	3
221	223	-5.2632e-2
221	234	-5.2632e-2
221	247	-5.2632e-2
221	251	-5.2632e-2
221	263	-5.2632e-2
221	279	-5.2632e-2
221	285	-5.2632e-2
221	287	-5.2632e-2
222	6	-1.11111e-1
222	54	-1.11111e-1
222	83	-1.11111e-1
222	88	-1.11111e-1
222	115	-1
222	130	-1.11111e-1
222	161	-1.11111e-1
222	184	-1
222	202	-1.11111e-1
222	222	3
222	234	-1.11111e-1
222	253	-1.11111e-1
223	31	-5.2632e-2
223	32	-3.33333e-1
223	43	-5.2632e-2
223	48	-3.33333e-1
223	64	-5.2632e-2
223	73	-5.2632e-2
223	77	-3.85965e-1
223	95	-3.85965e-1
223	110	-5.2632e-2
223	129	-5.2632e-2
223	140	-5.2632e-2
223	159	-5.2632e-2
223	168	-5.2632e-2
223	169	-3.33333e-1
223	221	-5.2632e-2
223	223	3
223	234	-5.2632e-2
223	247	-5.2632e-2
223	251	-5.2632e-2
223	263	-5.2632e-2
223	268	-3.33333e-1
223	279	-5.2632e-2
223	285	-5.2632e-2
223	287	-5.2632e-2
224	15	-5.e-1
224	58	-1
224	120	-1
224	128	-5.e-1
224	224	3
225	107	-5.e-1
225	225	3
225	281	-1
225	289	-1
226	13	-5.e-1
226	72	-1
226	101	-5.e-1
226	158	-5.e-1
226	226	3
226	273	-5.e-1
227	9	-1
227	73	-3.33333e-1
227	96	-3.33333e-1
227	165	-3.33333e-1
227	227	3
227	259	-3.33333e-1
227	261	-3.33333e-1
227	294	-3.33333e-1
228	8	-1
228	56	-1
228	104	-5.e-1
228	193	-5.e-1
228	228	3
229	4	-1.11111e-1
229	20	-1.11111e-1
229	48	-1
229	49	-3.33333e-1
229	56	-3.33333e-1
229	57	-1.11111e-1
229	59	-1.11111e-1
229	89	-3.33333e-1
229	229	3
229	231	-1.11111e-1
229	243	-1.11111e-1
229	265	-1.11111e-1
229	274	-1.11111e-1
229	294	-1.11111e-1
230	1	-1.11111e-1
230	2	-1
230	47	-1.11111e-1
230	86	-1.11111e-1
230	106	-5.e-1
230	151	-1.11111e-1
230	153	-1.11111e-1
230	177	-1.11111e-1
230	181	-1.11111e-1
230	230	3
230	249	-1.11111e-1
230	280	-1.11111e-1
230	287	-5.e-1
231	4	-1.11111e-1
231	20	-1.11111e-1
231	48	-5.e-1
231	57	-1.11111e-1
231	59	-1.11111e-1
231	156	-3.33333e-1
231	229	-1.11111e-1
231	231	3
231	243	-1.11111e-1
231	256	-5.e-1
231	265	-1.11111e-1
231	272	-3.33333e-1
231	274	-1.11111e-1
231	283	-3.33333e-1
231	294	-1.11111e-1
232	36	-1.11111e-1
232	40	-1.11111e-1
232	88	-1.11111e-1
232	157	-1.11111e-1
232	186	-1
232	196	-1.11111e-1
232	205	-2.22222e-1
232	232	3
232	236	-3.33333e-1
232	255	-3.33333e-1
232	276	-1.11111e-1
232	286	-1.11111e-1
232	292	-3.33333e-1
233	8	-5.e-1
233	52	-1
233	63	-5.e-1
233	233	3
233	260	-1
234	6	-1.11111e-1
234	31	-5.2632e-2
234	43	-5.2632e-2
234	54	-1.11111e-1
234	64	-5.52632e-1
234	73	-5.2632e-2
234	77	-5.2632e-2
234	83	-1.11111e-1
234	88	-1.11111e-1
234	95	-5.2632e-2
234	110	-5.2632e-2
234	129	-5.2632e-2
234	130	-1.11111e-1
234	140	-5.2632e-2
234	159	-5.2632e-2
234	161	-1.11111e-1
234	168	-5.2632e-2
234	202	-1.11111e-1
234	221	-5.2632e-2
234	222	-1.11111e-1
234	223	-5.2632e-2
234	234	3
234	240	-5.e-1
234	247	-5.2632e-2
234	251	-5.2632e-2
234	253	-1.11111e-1
234	263	-5.2632e-2
234	279	-5.2632e-2
234	285	-5.2632e-2
234	287	-5.2632e-2
235	27	-1
235	70	-1
235	235	3
235	282	-1
236	17	-1
236	30	-1
236	232	-3.33333e-1
236	236	3
236	255	-3.33333e-1
236	292	-3.33333e-1
237	134	-5.e-1
237	195	-5.e-1
237	237	1
238	4	-1
238	25	-1.11111e-1
238	65	-5.e-1
238	119	-1.11111e-1
238	156	-1.11111e-1
238	169	-5.e-1
238	202	-1.11111e-1
238	208	-1.11111e-1
238	238	3
238	277	-1.11111e-1
238	291	-1.11111e-1
238	299	-1.11111e-1
239	19	-1.11111e-1
239	24	-3.33333e-1
239	29	-1.11111e-1
239	47	-3.33333e-1
239	50	-1.11111e-1
239	65	-1.11111e-1
239	66	-1.11111e-1
239	99	-1.11111e-1
239	239	3
239	271	-1
239	293	-1.11111e-1
239	296	-1.11111e-1
239	299	-4.44444e-1
240	32	-1
240	64	-5.e-1
240	206	-3.33333e-1
240	211	-3.33333e-1
240	234	-5.e-1
240	240	3
240	280	-3.33333e-1
241	21	-3.33333e-1
241	160	-3.33333e-1
241	167	-1
241	179	-3.33333e-1
241	209	-3.33333e-1
241	241	3
241	246	-3.33333e-1
241	267	-3.33333e-1
242	16	-5.e-1
242	120	-5.e-1
242	143	-5.e-1
242	215	-1
242	242	3
242	273	-5.e-1
243	4	-1.11111e-1
243	20	-1.11111e-1
243	57	-1.11111e-1
243	59	-1.11111e-1
243	102	-1
243	229	-1.11111e-1
243	231	-1.11111e-1
243	243	3
243	265	-1.11111e-1
243	274	-1.11111e-1
243	290	-1
243	294	-1.11111e-1
244	3	-3.33333e-1
244	12	-3.33333e-1
244	22	-5.e-2
244	26	-5.e-2
244	47	-5.e-2
244	61	-5.e-2
244	69	-1
244	78	-5.e-2
244	93	-5.e-2
244	159	-5.e-2
244	168	-5.e-2
244	174	-5.e-2
244	178	-5.e-2
244	207	-5.e-2
244	212	-5.e-2
244	244	3
244	246	-5.e-2
244	257	-3.33333e-1
244	274	-5.e-2
244	275	-5.e-2
244	278	-5.e-2
244	280	-5.e-2
244	281	-5.e-2
244	293	-1.e-1
245	68	-3.33333e-1
245	245	3
245	252	-1.333333
245	264	-1
245	276	-3.33333e-1
246	21	-3.33333e-1
246	22	-5.e-2
246	26	-5.e-2
246	47	-5.e-2
246	61	-5.e-2
246	78	-5.e-2
246	93	-5.e-2
246	159	-5.e-2
246	168	-5.e-2
246	174	-5.e-2
246	178	-5.e-2
246	207	-5.e-2
246	212	-5.e-2
246	241	-3.33333e-1
246	244	-5.e-2
246	246	2.999999
246	267	-3.33333e-1
246	274	-5.e-2
246	275	-5.e-2
246	278	-5.e-2
246	280	-5.e-2
246	281	-5.e-2
246	289	-1
246	293	-1.e-1
247	31	-5.2632e-2
247	43	-5.2632e-2
247	44	-5.e-1
247	62	-1
247	64	-5.2632e-2
247	73	-5.2632e-2
247	77	-5.2632e-2
247	95	-5.2632e-2
247	110	-5.2632e-2
247	129	-5.2632e-2
247	140	-5.2632e-2
247	159	-5.2632e-2
247	168	-5.2632e-2
247	221	-5.2632e-2
247	223	-5.2632e-2
247	234	-5.2632e-2
247	247	3.000001
247	251	-5.2632e-2
247	263	-5.2632e-2
247	274	-5.e-1
247	279	-5.2632e-2
247	285	-5.2632e-2
247	287	-5.2632e-2
248	55	-1
248	248	3
248	262	-1
248	296	-1
249	1	-1.11111e-1
249	33	-5.e-1
249	37	-5.e-1
249	47	-1.11111e-1
249	72	-3.33333e-1
249	86	-1.11111e-1
249	117	-3.33333e-1
249	126	-3.33333e-1
249	151	-1.11111e-1
249	153	-1.11111e-1
249	177	-1.11111e-1
249	181	-1.11111e-1
249	230	-1.11111e-1
249	249	3
249	280	-1.11111e-1
250	5	-3.33333e-1
250	13	-3.33333e-1
250	79	-1
250	112	-3.33333e-1
250	121	-3.33333e-1
250	250	3
250	288	-3.33333e-1
250	291	-3.33333e-1
251	4	-1
251	31	-5.2632e-2
251	43	-5.2632e-2
251	64	-5.2632e-2
251	73	-5.2632e-2
251	77	-5.2632e-2
251	95	-5.2632e-2
251	110	-5.2632e-2
251	129	-5.2632e-2
251	135	-3.33333e-1
251	140	-5.2632e-2
251	148	-1
251	159	-5.2632e-2
251	168	-5.2632e-2
251	204	-3.33333e-1
251	221	-5.2632e-2
251	223	-5.2632e-2
251	234	-5.2632e-2
251	247	-5.2632e-2
251	251	6.000001
251	254	-1
251	256	-3.33333e-1
251	260	-1
251	263	-5.2632e-2
251	279	-5.2632e-2
251	285	-5.2632e-2
251	287	-5.2632e-2
252	25	-3.33333e-1
252	55	-1
252	59	-3.33333e-1
252	60	-3.33333e-1
252	62	-3.33333e-1
252	64	-1
252	68	-3.33333e-1
252	245	-1.333333
252	252	6.000001
252	276	-3.33333e-1
252	293	-3.33333e-1
253	6	-1.11111e-1
253	54	-1.11111e-1
253	63	-1
253	83	-1.11111e-1
253	88	-1.11111e-1
253	130	-1.11111e-1
253	161	-1.11111e-1
253	166	-1
253	202	-1.11111e-1
253	222	-1.11111e-1
253	234	-1.11111e-1
253	253	6
253	266	-1
253	268	-1
253	270	-1
254	82	-5.e-1
254	84	-5.e-1
254	127	-5.e-1
254	191	-1
254	251	-1
254	254	6
254	256	-5.e-1
254	263	-1
254	276	-5.e-1
254	277	-5.e-1
255	5	-3.33333e-1
255	14	-3.33333e-1
255	34	-1
255	90	-1
255	118	-1
255	175	-5.e-1
255	187	-5.e-1
255	232	-3.33333e-1
255	236	-3.33333e-1
255	255	6
255	292	-3.33333e-1
255	297	-3.33333e-1
256	23	-3.33333e-1
256	48	-5.e-1
256	84	-5.e-1
256	92	-5.e-1
256	135	-3.33333e-1
256	157	-3.33333e-1
256	204	-3.33333e-1
256	231	-5.e-1
256	251	-3.33333e-1
256	254	-5.e-1
256	256	6
256	259	-3.33333e-1
256	271	-1
256	295	-5.e-1
257	3	-3.33333e-1
257	12	-1.333333
257	53	-1
257	85	-1
257	209	-1
257	244	-3.33333e-1
257	257	6
257	279	-5.e-1
257	295	-5.e-1
258	16	-1
258	41	-3.33333e-1
258	79	-1
258	134	-3.33333e-1
258	165	-1
258	258	6
258	284	-1
258	292	-3.33333e-1
258	294	-1
259	8	-1.11111e-1
259	23	-3.33333e-1
259	45	-1.11111e-1
259	73	-3.33333e-1
259	75	-1
259	79	-1.11111e-1
259	84	-1.11111e-1
259	125	-1.11111e-1
259	133	-1.11111e-1
259	157	-3.33333e-1
259	188	-1.11111e-1
259	215	-1.11111e-1
259	227	-3.33333e-1
259	256	-3.33333e-1
259	259	6.000001
259	266	-1.11111e-1
259	294	-3.33333e-1
259	299	-1
259	300	-1
260	37	-3.33333e-1
260	108	-3.33333e-1
260	130	-5.e-1
260	131	-1
260	168	-5.e-1
260	194	-3.33333e-1
260	233	-1
260	251	-1
260	260	6
260	276	-3.33333e-1
260	287	-3.33333e-1
261	1	-1
261	41	-3.33333e-1
261	49	-5.e-1
261	96	-3.33333e-1
261	133	-3.33333e-1
261	165	-3.33333e-1
261	173	-5.e-1
261	197	-5.e-1
261	209	-3.33333e-1
261	213	-5.e-1
261	227	-3.33333e-1
261	261	6
261	262	-1
262	46	-5.e-1
262	53	-3.33333e-1
262	105	-3.33333e-1
262	111	-3.33333e-1
262	132	-3.33333e-1
262	133	-3.33333e-1
262	163	-3.33333e-1
262	183	-3.33333e-1
262	188	-3.33333e-1
262	248	-1
262	261	-1
262	262	6
262	275	-3.33333e-1
262	298	-5.e-1
263	31	-5.2632e-2
263	43	-5.2632e-2
263	44	-1
263	50	-5.e-1
263	55	-1
263	64	-5.2632e-2
263	73	-5.2632e-2
263	77	-5.2632e-2
263	95	-5.2632e-2
263	110	-5.2632e-2
263	121	-1
263	129	-5.2632e-2
263	140	-5.2632e-2
263	159	-5.2632e-2
263	168	-5.2632e-2
263	221	-5.2632e-2
263	223	-5.2632e-2
263	234	-5.2632e-2
263	247	-5.2632e-2
263	251	-5.2632e-2
263	254	-1
263	263	5.999996
263	279	-5.2632e-2
263	285	-5.2632e-2
263	286	-5.e-1
263	287	-5.2632e-2
264	12	-1
264	39	-5.e-1
264	59	-1
264	89	-1
264	145	-5.e-1
264	245	-1
264	264	6
264	286	-1
265	4	-1.11111e-1
265	16	-5.2632e-2
265	17	-5.2632e-2
265	20	-1.11111e-1
265	35	-5.2632e-2
265	37	-5.2632e-2
265	43	-5.2632e-2
265	57	-1.11111e-1
265	59	-1.11111e-1
265	71	-5.2632e-2
265	88	-5.2632e-2
265	93	-5.2632e-2
265	95	-5.2632e-2
265	102	-5.2632e-2
265	115	-3.33333e-1
265	116	-5.2632e-2
265	123	-5.2632e-2
265	132	-5.2632e-2
265	149	-5.2632e-2
265	162	-5.e-1
265	175	-5.2632e-2
265	196	-1
265	198	-5.2632e-2
265	216	-5.2632e-2
265	229	-1.11111e-1
265	231	-1.11111e-1
265	243	-1.11111e-1
265	265	6
265	268	-5.2632e-2
265	270	-3.33333e-1
265	274	-1.11111e-1
265	275	-3.33333e-1
265	278	-5.e-1
265	281	-1
265	285	-5.2632e-2
265	294	-1.11111e-1
266	8	-1.11111e-1
266	19	-3.33333e-1
266	45	-1.11111e-1
266	79	-1.11111e-1
266	84	-1.11111e-1
266	85	-1
266	114	-5.e-1
266	125	-1.11111e-1
266	126	-1
266	133	-1.11111e-1
266	163	-3.33333e-1
266	188	-1.11111e-1
266	203	-3.33333e-1
266	215	-1.11111e-1
266	253	-1
266	259	-1.11111e-1
266	266	6
266	273	-5.e-1
267	10	-5.e-1
267	21	-3.33333e-1
267	67	-5.e-1
267	86	-5.e-1
267	127	-1
267	155	-5.e-1
267	177	-5.e-1
267	191	-5.e-1
267	241	-3.33333e-1
267	246	-3.33333e-1
267	267	6
267	283	-1
268	16	-5.2632e-2
268	17	-5.2632e-2
268	20	-1
268	32	-3.33333e-1
268	35	-5.2632e-2
268	37	-5.2632e-2
268	43	-5.2632e-2
268	48	-3.33333e-1
268	69	-5.e-1
268	71	-5.2632e-2
268	88	-5.2632e-2
268	93	-5.2632e-2
268	95	-5.2632e-2
268	98	-5.e-1
268	102	-5.2632e-2
268	116	-5.2632e-2
268	123	-5.2632e-2
268	132	-5.2632e-2
268	149	-5.2632e-2
268	175	-5.2632e-2
268	181	-5.e-1
268	198	-5.2632e-2
268	216	-5.2632e-2
268	223	-3.33333e-1
268	253	-1
268	265	-5.2632e-2
268	268	5.999996
268	285	-5.2632e-2
268	300	-5.e-1
269	83	-1
269	85	-1
269	108	-3.33333e-1
269	112	-1
269	127	-3.33333e-1
269	147	-1
269	269	6
269	271	-3.33333e-1
269	276	-1
270	82	-3.33333e-1
270	115	-3.33333e-1
270	139	-1
270	152	-3.33333e-1
270	194	-3.33333e-1
270	253	-1
270	265	-3.33333e-1
270	270	6
270	275	-3.33333e-1
270	278	-1
270	289	-1
271	34	-1
271	94	-1
271	108	-3.33333e-1
271	127	-3.33333e-1
271	239	-1
271	256	-1
271	269	-3.33333e-1
271	271	6
272	9	-5.e-1
272	10	-3.33333e-1
272	53	-5.e-1
272	107	-5.e-1
272	114	-3.33333e-1
272	119	-1
272	124	-5.e-1
272	126	-5.e-1
272	156	-3.33333e-1
272	231	-3.33333e-1
272	272	6
272	283	-3.33333e-1
272	285	-5.e-1
273	33	-1
273	105	-3.33333e-1
273	114	-5.e-1
273	143	-5.e-1
273	158	-5.e-1
273	164	-1
273	226	-5.e-1
273	242	-5.e-1
273	266	-5.e-1
273	273	6
273	282	-3.33333e-1
273	300	-3.33333e-1
274	4	-1.11111e-1
274	20	-1.11111e-1
274	22	-5.e-2
274	26	-5.e-2
274	28	-5.e-1
274	31	-1
274	32	-3.33333e-1
274	44	-5.e-1
274	47	-5.e-2
274	57	-1.11111e-1
274	59	-1.11111e-1
274	61	-5.e-2
274	78	-5.e-2
274	93	-5.e-2
274	150	-5.e-1
274	159	-5.e-2
274	168	-5.e-2
274	174	-5.e-2
274	178	-5.e-2
274	192	-3.33333e-1
274	207	-5.e-2
274	212	-5.e-2
274	229	-1.11111e-1
274	231	-1.11111e-1
274	243	-1.11111e-1
274	244	-5.e-2
274	246	-5.e-2
274	247	-5.e-1
274	265	-1.11111e-1
274	274	6.000004
274	275	-3.83333e-1
274	278	-5.e-2
274	280	-5.e-2
274	281	-5.e-2
274	293	-1.e-1
274	294	-1.11111e-1
275	18	-5.e-1
275	22	-5.e-2
275	26	-5.e-2
275	32	-3.33333e-1
275	47	-5.e-2
275	61	-5.e-2
275	74	-3.33333e-1
275	78	-5.e-2
275	93	-5.e-2
275	99	-3.33333e-1
275	115	-3.33333e-1
275	117	-5.e-1
275	132	-3.33333e-1
275	141	-3.33333e-1
275	159	-5.e-2
275	168	-5.e-2
275	174	-5.e-2
275	178	-5.e-2
275	183	-3.33333e-1
275	192	-3.33333e-1
275	207	-5.e-2
275	212	-5.e-2
275	244	-5.e-2
275	246	-5.e-2
275	262	-3.33333e-1
275	265	-3.33333e-1
275	270	-3.33333e-1
275	274	-3.83333e-1
275	275	6.000003
275	278	-5.e-2
275	280	-5.e-2
275	281	-5.e-2
275	293	-1.e-1
276	36	-1.111111
276	40	-1.11111e-1
276	68	-3.33333e-1
276	88	-1.11111e-1
276	108	-3.33333e-1
276	157	-1.11111e-1
276	194	-3.33333e-1
276	196	-1.11111e-1
276	205	-2.22222e-1
276	232	-1.11111e-1
276	245	-3.33333e-1
276	252	-3.33333e-1
276	254	-5.e-1
276	260	-3.33333e-1
276	269	-1
276	276	6.000001
276	277	-5.e-1
276	286	-1.11111e-1
277	1	-1.11111e-1
277	25	-1.11111e-1
277	33	-5.e-1
277	44	-1.11111e-1
277	97	-1
277	104	-1.11111e-1
277	119	-1.11111e-1
277	128	-1
277	134	-5.e-1
277	156	-1.11111e-1
277	160	-1.11111e-1
277	189	-1.11111e-1
277	202	-1.11111e-1
277	203	-1.11111e-1
277	208	-1.11111e-1
277	238	-1.11111e-1
277	254	-5.e-1
277	276	-5.e-1
277	277	6
277	281	-1.11111e-1
277	282	-1.11111e-1
277	291	-1.11111e-1
277	299	-2.22222e-1
278	22	-5.e-2
278	26	-5.e-2
278	47	-5.e-2
278	61	-5.e-2
278	78	-5.e-2
278	85	-5.e-1
278	93	-5.e-2
278	110	-1
278	159	-5.e-2
278	162	-5.e-1
278	168	-5.e-2
278	174	-5.e-2
278	178	-5.e-2
278	201	-5.e-1
278	207	-5.e-2
278	212	-5.e-2
278	244	-5.e-2
278	246	-5.e-2
278	265	-5.e-1
278	270	-1
278	274	-5.e-2
278	275	-5.e-2
278	278	5.999999
278	280	-5.e-2
278	281	-5.e-2
278	293	-1.e-1
278	298	-1
279	4	-1
279	31	-5.2632e-2
279	38	-3.33333e-1
279	43	-5.2632e-2
279	46	-1
279	51	-3.33333e-1
279	52	-3.33333e-1
279	64	-5.2632e-2
279	73	-5.2632e-2
279	77	-5.2632e-2
279	95	-5.2632e-2
279	110	-5.2632e-2
279	129	-5.2632e-2
279	140	-5.2632e-2
279	159	-5.2632e-2
279	168	-5.2632e-2
279	176	-1
279	221	-5.2632e-2
279	223	-5.2632e-2
279	234	-5.2632e-2
279	247	-5.2632e-2
279	251	-5.2632e-2
279	257	-5.e-1
279	263	-5.2632e-2
279	279	6.000001
279	285	-5.2632e-2
279	287	-5.2632e-2
279	295	-5.e-1
280	1	-1.11111e-1
280	3	-5.e-1
280	21	-5.e-1
280	22	-5.e-2
280	26	-5.e-2
280	47	-1.61111e-1
280	61	-5.e-2
280	78	-5.e-2
280	86	-1.11111e-1
280	93	-5.e-2
280	145	-1
280	151	-1.11111e-1
280	153	-1.11111e-1
280	159	-5.e-2
280	168	-5.e-2
280	174	-5.e-2
280	177	-1.11111e-1
280	178	-5.e-2
280	181	-1.11111e-1
280	206	-3.33333e-1
280	207	-5.e-2
280	211	-3.33333e-1
280	212	-5.e-2
280	230	-1.11111e-1
280	240	-3.33333e-1
280	244	-5.e-2
280	246	-5.e-2
280	249	-1.11111e-1
280	274	-5.e-2
280	275	-5.e-2
280	278	-5.e-2
280	280	6
280	281	-5.e-2
280	293	-1.e-1
280	296	-1
281	1	-1.11111e-1
281	3	-1
281	22	-5.e-2
281	26	-5.e-2
281	44	-1.11111e-1
281	47	-5.e-2
281	61	-5.e-2
281	78	-5.e-2
281	93	-5.e-2
281	104	-1.11111e-1
281	159	-5.e-2
281	160	-1.11111e-1
281	168	-5.e-2
281	174	-5.e-2
281	178	-5.e-2
281	189	-1.11111e-1
281	203	-1.11111e-1
281	207	-5.e-2
281	212	-5.e-2
281	225	-1
281	244	-5.e-2
281	246	-5.e-2
281	265	-1
281	274	-5.e-2
281	275	-5.e-2
281	277	-1.11111e-1
281	278	-5.e-2
281	280	-5.e-2
281	281	6.000004
281	282	-1.11111e-1
281	290	-1
281	293	-1.e-1
281	299	-1.11111e-1
282	1	-1.11111e-1
282	44	-1.11111e-1
282	57	-1
282	104	-1.11111e-1
282	105	-3.33333e-1
282	144	-5.e-1
282	160	-1.11111e-1
282	187	-5.e-1
282	189	-1.11111e-1
282	203	-1.11111e-1
282	213	-1
282	235	-1
282	273	-3.33333e-1
282	277	-1.11111e-1
282	281	-1.11111e-1
282	282	6.000001
282	299	-1.11111e-1
282	300	-3.33333e-1
283	5	-1
283	27	-5.e-1
283	41	-3.33333e-1
283	131	-5.e-1
283	137	-3.33333e-1
283	149	-3.33333e-1
283	156	-3.33333e-1
283	231	-3.33333e-1
283	267	-1
283	272	-3.33333e-1
283	283	6
283	288	-1
284	26	-3.33333e-1
284	51	-3.33333e-1
284	68	-1.5
284	114	-1
284	190	-3.33333e-1
284	219	-1
284	258	-1
284	284	6
284	288	-5.e-1
285	16	-1.63743e-1
285	17	-5.2632e-2
285	31	-5.2632e-2
285	35	-5.2632e-2
285	37	-5.2632e-2
285	38	-1.11111e-1
285	43	-1.05263e-1
285	50	-1.11111e-1
285	54	-1.11111e-1
285	64	-5.2632e-2
285	71	-5.2632e-2
285	73	-5.2632e-2
285	77	-5.2632e-2
285	83	-1.11111e-1
285	88	-5.2632e-2
285	91	-3.33333e-1
285	93	-5.2632e-2
285	95	-1.05263e-1
285	102	-5.2632e-2
285	110	-5.2632e-2
285	116	-5.2632e-2
285	119	-1.11111e-1
285	123	-5.2632e-2
285	124	-5.e-1
285	129	-1.63743e-1
285	132	-5.2632e-2
285	139	-3.33333e-1
285	140	-5.2632e-2
285	144	-1.11111e-1
285	149	-5.2632e-2
285	159	-5.2632e-2
285	168	-5.2632e-2
285	173	-3.33333e-1
285	175	-5.2632e-2
285	198	-5.2632e-2
285	216	-5.2632e-2
285	221	-5.2632e-2
285	223	-5.2632e-2
285	234	-5.2632e-2
285	247	-5.2632e-2
285	251	-5.2632e-2
285	263	-5.2632e-2
285	265	-5.2632e-2
285	268	-5.2632e-2
285	272	-5.e-1
285	279	-5.2632e-2
285	285	5.999998
285	287	-5.2632e-2
285	290	-1.11111e-1
285	292	-1
286	36	-1.11111e-1
286	40	-1.11111e-1
286	50	-1.5
286	88	-1.11111e-1
286	94	-1
286	157	-1.11111e-1
286	196	-1.11111e-1
286	205	-2.22222e-1
286	232	-1.11111e-1
286	263	-5.e-1
286	264	-1
286	276	-1.11111e-1
286	286	6
287	2	-1.11111e-1
287	31	-5.2632e-2
287	37	-3.33333e-1
287	38	-1.11111e-1
287	43	-5.2632e-2
287	64	-5.2632e-2
287	73	-5.2632e-2
287	77	-5.2632e-2
287	95	-5.2632e-2
287	96	-1.11111e-1
287	106	-5.e-1
287	110	-5.2632e-2
287	116	-1.11111e-1
287	118	-1.11111e-1
287	129	-5.2632e-2
287	140	-5.2632e-2
287	142	-1
287	159	-5.2632e-2
287	168	-5.2632e-2
287	183	-1
287	199	-1.11111e-1
287	215	-1.11111e-1
287	221	-5.2632e-2
287	223	-5.2632e-2
287	230	-5.e-1
287	234	-5.2632e-2
287	247	-5.2632e-2
287	251	-5.2632e-2
287	260	-3.33333e-1
287	263	-5.2632e-2
287	279	-5.2632e-2
287	285	-5.2632e-2
287	287	5.999997
287	288	-1.11111e-1
287	290	-1.11111e-1
288	2	-1.11111e-1
288	5	-3.33333e-1
288	10	-1
288	13	-3.33333e-1
288	30	-3.33333e-1
288	38	-1.11111e-1
288	68	-5.e-1
288	96	-1.11111e-1
288	101	-3.33333e-1
288	116	-1.11111e-1
288	118	-1.11111e-1
288	199	-1.11111e-1
288	215	-1.11111e-1
288	250	-3.33333e-1
288	283	-1
288	284	-5.e-1
288	287	-1.11111e-1
288	288	6
288	290	-1.11111e-1
288	292	-3.33333e-1
289	34	-5.e-1
289	45	-5.e-1
289	69	-1
289	76	-5.e-1
289	187	-5.e-1
289	225	-1
289	246	-1
289	270	-1
289	289	6
290	2	-1.11111e-1
290	16	-1.11111e-1
290	26	-5.e-1
290	38	-2.22222e-1
290	50	-1.11111e-1
290	54	-1.11111e-1
290	83	-1.11111e-1
290	96	-1.11111e-1
290	116	-1.11111e-1
290	118	-1.11111e-1
290	119	-1.11111e-1
290	129	-1.11111e-1
290	135	-5.e-1
290	138	-1
290	144	-1.11111e-1
290	199	-1.11111e-1
290	215	-1.11111e-1
290	243	-1
290	281	-1
290	285	-1.11111e-1
290	287	-1.11111e-1
290	288	-1.11111e-1
290	290	6.000001
291	19	-1
291	25	-1.11111e-1
291	28	-5.e-1
291	100	-1
291	112	-3.33333e-1
291	119	-1.11111e-1
291	121	-3.33333e-1
291	141	-5.e-1
291	156	-1.11111e-1
291	170	-5.e-1
291	184	-5.e-1
291	202	-1.11111e-1
291	208	-1.11111e-1
291	238	-1.11111e-1
291	250	-3.33333e-1
291	277	-1.11111e-1
291	291	6.000001
291	299	-1.11111e-1
292	30	-3.33333e-1
292	41	-3.33333e-1
292	101	-3.33333e-1
292	134	-3.33333e-1
292	170	-1
292	232	-3.33333e-1
292	236	-3.33333e-1
292	255	-3.33333e-1
292	258	-3.33333e-1
292	285	-1
292	288	-3.33333e-1
292	292	6
292	295	-6.66667e-1
292	298	-3.33333e-1
293	19	-1.11111e-1
293	22	-5.e-2
293	26	-5.e-2
293	29	-1.11111e-1
293	31	-1
293	47	-5.e-2
293	50	-1.11111e-1
293	61	-5.e-2
293	62	-3.33333e-1
293	65	-1.11111e-1
293	66	-1.11111e-1
293	78	-5.e-2
293	93	-5.e-2
293	99	-1.11111e-1
293	159	-5.e-2
293	168	-5.e-2
293	174	-5.e-2
293	178	-5.e-2
293	207	-5.e-2
293	210	-1
293	212	-5.e-2
293	239	-1.11111e-1
293	244	-5.e-2
293	246	-5.e-2
293	252	-3.33333e-1
293	274	-5.e-2
293	275	-5.e-2
293	278	-5.e-2
293	280	-5.e-2
293	281	-5.e-2
293	293	4.949999
293	296	-1.11111e-1
293	299	-1.11111e-1
294	4	-1.11111e-1
294	20	-1.11111e-1
294	45	-1
294	57	-1.11111e-1
294	59	-1.11111e-1
294	61	-5.e-1
294	73	-3.33333e-1
294	108	-1
294	143	-5.e-1
294	227	-3.33333e-1
294	229	-1.11111e-1
294	231	-1.11111e-1
294	243	-1.11111e-1
294	258	-1
294	259	-3.33333e-1
294	265	-1.11111e-1
294	274	-1.11111e-1
294	294	6.000001
295	6	-5.e-1
295	92	-5.e-1
295	109	-5.e-1
295	112	-1
295	256	-5.e-1
295	257	-5.e-1
295	279	-5.e-1
295	292	-3.33333e-1
295	295	4.666667
295	298	-3.33333e-1
296	19	-1.11111e-1
296	24	-3.33333e-1
296	29	-1.11111e-1
296	45	-5.e-1
296	50	-1.11111e-1
296	65	-1.11111e-1
296	66	-1.11111e-1
296	67	-5.e-1
296	90	-3.33333e-1
296	99	-1.11111e-1
296	122	-1
296	130	-3.33333e-1
296	239	-1.11111e-1
296	248	-1
296	280	-1
296	293	-1.11111e-1
296	296	6
296	299	-1.11111e-1
297	5	-3.33333e-1
297	14	-3.33333e-1
297	42	-3.33333e-1
297	87	-5.e-1
297	91	-3.33333e-1
297	115	-5.e-1
297	142	-1
297	165	-1
297	189	-1
297	207	-3.33333e-1
297	255	-3.33333e-1
297	297	6
298	46	-5.e-1
298	61	-5.e-1
298	97	-5.e-1
298	120	-1
298	182	-1
298	262	-5.e-1
298	278	-1
298	292	-3.33333e-1
298	295	-6.66667e-1
298	298	6
299	1	-1.11111e-1
299	19	-1.11111e-1
299	24	-3.33333e-1
299	25	-1.11111e-1
299	29	-1.11111e-1
299	44	-1.11111e-1
299	47	-3.33333e-1
299	50	-1.11111e-1
299	65	-1.11111e-1
299	66	-1.11111e-1
299	99	-1.111111
299	104	-1.11111e-1
299	119	-1.11111e-1
299	156	-1.11111e-1
299	160	-1.11111e-1
299	189	-1.11111e-1
299	202	-1.11111e-1
299	203	-1.11111e-1
299	208	-1.11111e-1
299	238	-1.11111e-1
299	239	-4.44444e-1
299	259	-1
299	277	-2.22222e-1
299	281	-1.11111e-1
299	282	-1.11111e-1
299	291	-1.11111e-1
299	293	-1.11111e-1
299	296	-1.11111e-1
299	299	6.000001
300	7	-1
300	21	-1
300	69	-5.e-1
300	75	-1
300	105	-3.33333e-1
300	259	-1
300	268	-5.e-1
300	273	-3.33333e-1
300	282	-3.33333e-1
300	300	6
0	0	0.0
-5.888887
-1.877778e+01
-3.416666e+01
-5.777775
8.433334e+01
-4.166667e+01
7.333332
-1.922222e+01
1
1.623333e+03
-4.422222e+01
1
2.666666
-3.4e+01
1.4e+01
-3.440937e+01
-5.963159e+01
-1.e+01
-4.033334e+01
7.288889e+01
5.183333e+01
4.9
-5
-4
3.483333e+02
-1.1e+01
2.1e+01
1.6e+01
-1.433333e+01
3.4e+01
7.94737
-1.533333e+01
3.5e+01
7.7e+01
-2.157895
2.544444e+01
9.968423e+02
-7.555556
-1.e+01
6.111112
9.333334
-1.633334e+01
-1.526316
1.477778e+01
9.166667e+01
2.766667e+01
5.233332
-2.333333
5.666667
1.015556e+02
3.044444e+01
-3.755555e+01
5.266667e+01
-2.977778e+01
-4.2e+01
5.333333
-1.377778e+01
-1.8e+01
-3.911111e+01
-8.555557
1.94e+01
4.31e+02
2.1e+01
-1.036842e+01
-5.888889
2.093e+03
8.5
7.655556e+01
4.6e+01
1.5e+01
-8.157893
1.4e+01
6.140345
-1.6e+01
2.e+01
1.3e+01
2.2e+01
-7.5
2.666667e+01
-1.4e+01
9
2.e+01
1.955555e+01
-1.e+01
1.285e+02
1.133333e+01
-1
-1.402924e+01
-1.333333e+01
-6.66666e-1
6.888887
5.11111
2.926317
-4
-6.157894
-4.144444e+01
-2.2e+01
-2.85e+01
5.233333e+01
-5
6.066667e+01
-1.310526e+01
4
1.777778e+01
-5
-2.5
1.958e+03
3.4e+01
2.4e+03
7.315791e+01
1.666667e+01
-7.666664
-2.2e+01
1.672333e+03
3.7e+01
8.228065
4.366667e+01
2.433333e+01
3.91e+02
6.3e+01
5.e+01
6.8e+01
3.210525
2.7e+01
4.511111e+01
4.733334e+01
4.733334e+01
3.9e+01
3.388889e+01
4.777777e+01
2.e+01
2.17193e+01
2.233333e+01
4.333334e+01
4.483333e+01
2.688889e+01
1.066667e+01
7.233334e+01
7.533334e+01
1.91579e+01
-5.5
1.e+02
6.3e+01
9.66667
7.033334e+01
2.2e+01
4.933334e+01
2.5e+01
1.089473e+01
1.7e+01
3.444444e+01
1.966667e+01
-6.444445
-1.2e+01
1.35e+01
3.802222e+02
3.555557
4.333335
4.16e+01
2.466667e+01
2.222222e+01
4.2e+01
4.333333e+01
0
-8
3.4e+01
2.e+01
4.171578e+01
2.3e+01
1.15e+01
1.233333e+01
9.333333
5.866667e+01
4.826667e+01
5.189474e+01
6.e+01
2.755556e+01
2.78e+01
1.933333e+01
-1
1.95e+01
6
4.366667e+01
1.4e+01
2.112e+03
2.2e+01
7.6e+01
4.333333
6.91111e+01
3.333334e+01
9.066667e+01
2.e+01
8
2.366666e+01
-1.266667e+01
7.411111e+01
4.333334e+01
-2.947367
1.855556e+01
1.866667e+01
1.95e+01
3.51e+02
3.944444e+01
3.2e+01
1.7e+01
1.e+01
2.813333e+01
3.393333e+02
5.733334e+01
4.7e+01
2.066667e+01
4.480001e+01
6.8e+01
-2.2e+01
-1.033333e+01
1.089474e+01
-1.1e+01
0
3.2e+01
2.2e+01
2.e+01
3.666667
3.449123e+01
-7
2.016e+03
4.1e+01
2.666667e+01
1.4e+01
2.411111e+01
2.827778e+01
3.777778e+01
-6.333332
6.4e+01
3.266666e+01
9.8e+01
3.2e+01
-8
3.543333e+02
2.222222e+01
2.7e+01
1.8e+01
6
4.766666e+01
2.24e+01
7.7e+01
2.98e+01
3.931578e+01
3
2.055556e+01
1.8e+01
-1.13807e+02
3.496667e+02
-1.262222e+02
-8.7e+01
-7.633334e+01
-3.2e+01
-1.153333e+02
-1.07e+02
-2.411111e+01
8.936667e+02
-8.e+01
-6.566667e+01
-1.126316e+02
-1.69e+02
-5.567836e+01
-1.077778e+02
-1.693333e+02
-1.144035e+02
-1.226667e+02
-7.033333e+01
3.752e+03
1.464667e+03
-1.59e+02
-1.337e+02
-1.157667e+02
-1.037778e+02
2.567778e+02
-1.274e+02
-8.133334e+01
-1.476222e+02
-6.803333e+01
-1.41e+02
-9.333334e+01
-1.083333e+02
-4.096492e+01
1.124111e+03
8.421285e+02
-1.393333e+02
-1.11e+02
-1.04e+02
1.704445e+02
-1.766667e+01
2.965111e+02
-2.188889e+01
-3.4e+01
-1.533333e+02
-1.44e+02
-6.866667e+01
2.425556e+02
-5.1e+01
