mdata -- jakobi-matrix und rechte seite
126	real
1 1 -4.4162295593e-01
3 1 -1.3643444934e-01
5 1 3.5737092730e-01
7 1 3.5737092730e-01
9 1 -1.3643444934e-01
1 2 4.9999999974e-05
3 2 -4.2000594281e-01
5 2 -2.5955884983e-01
7 2 2.5965884983e-01
9 2 4.2010594281e-01
1 3 2.4255000000e-01
3 3 2.4255000000e-01
5 3 2.4255000000e-01
7 3 2.4255000000e-01
9 3 2.4255000000e-01
2 4 4.2439574912e-01
11 4 2.8791129979e-01
20 4 2.8791129979e-01
21 4 6.7074821821e-02
39 4 6.7074821821e-02
2 5 4.9999999974e-05
11 5 -4.2000594281e-01
20 5 4.2010594281e-01
21 5 -2.5955884983e-01
39 5 2.5965884983e-01
2 6 -2.5747500000e-01
11 6 -4.9749999997e-03
20 6 -4.9749999997e-03
21 6 5.0002500000e-01
39 6 5.0002500000e-01
4 7 1.3114549882e-01
12 7 -3.1052745711e-01
13 7 4.8846642612e-01
23 7 -2.2617542848e-01
25 7 2.6762994816e-01
4 8 4.0362434269e-01
12 8 4.0362434269e-01
13 8 1.4401549286e-01
23 8 1.4401549286e-01
25 8 -1.6431600116e-02
4 9 -2.5747500000e-01
12 9 -4.9749999997e-03
13 9 -4.9749999997e-03
23 9 5.0002500000e-01
25 9 5.0002500000e-01
6 10 -3.4327331046e-01
14 10 -4.7975775979e-01
15 10 1.4047616848e-02
27 10 -2.0678886112e-01
29 10 9.8399645475e-02
6 11 2.4945356247e-01
14 11 -1.7060238034e-01
15 11 5.0906241230e-01
27 11 -1.7060238034e-01
29 11 2.4945356247e-01
6 12 -2.5747500000e-01
14 12 -4.9749999997e-03
15 12 -4.9749999997e-03
27 12 5.0002500000e-01
29 12 5.0002500000e-01
8 13 -3.4327331046e-01
16 13 1.4047616848e-02
17 13 -4.7975775979e-01
31 13 9.8399645475e-02
33 13 -2.0678886112e-01
8 14 -2.4940265877e-01
16 14 -5.0901150861e-01
17 14 1.7065328403e-01
31 14 -2.4940265877e-01
33 14 1.7065328403e-01
8 15 -2.5747500000e-01
16 15 -4.9749999997e-03
17 15 -4.9749999997e-03
31 15 5.0002500000e-01
33 15 5.0002500000e-01
10 16 1.3114549882e-01
18 16 4.8846642612e-01
19 16 -3.1052745711e-01
35 16 2.6762994816e-01
37 16 -2.2617542848e-01
10 17 -4.0354197878e-01
18 17 -1.4393312895e-01
19 17 -4.0354197878e-01
35 17 1.6513964026e-02
37 17 -1.4393312895e-01
10 18 -2.5747500000e-01
18 18 -4.9749999997e-03
19 18 -4.9749999997e-03
35 18 5.0002500000e-01
37 18 5.0002500000e-01
22 19 -9.8329582547e-02
24 19 2.0685892404e-01
41 19 4.7982782272e-01
50 19 -1.3977553921e-02
52 19 3.4334337338e-01
22 20 2.4945356247e-01
24 20 -1.7060238034e-01
41 20 -1.7060238034e-01
50 20 5.0906241230e-01
52 20 2.4945356247e-01
22 21 -4.9997500000e-01
24 21 -4.9997500000e-01
41 21 5.0250000000e-03
50 21 5.0250000000e-03
52 21 2.5752500000e-01
26 22 -2.6760318650e-01
28 22 2.2620219014e-01
42 22 -4.8843966447e-01
43 22 3.1055421877e-01
54 22 -1.3111873716e-01
26 23 -1.6431600116e-02
28 23 1.4401549286e-01
42 23 1.4401549286e-01
43 23 4.0362434269e-01
54 23 4.0362434269e-01
26 24 -4.9997500000e-01
28 24 -4.9997500000e-01
42 24 5.0250000000e-03
43 24 5.0250000000e-03
54 24 2.5752500000e-01
30 25 -6.6988219281e-02
32 25 -6.6988219281e-02
44 25 -2.8782469725e-01
45 25 -2.8782469725e-01
56 25 -4.2430914658e-01
30 26 -2.5955884983e-01
32 26 2.5965884983e-01
44 26 -4.2000594281e-01
45 26 4.2010594281e-01
56 26 4.9999999974e-05
30 27 -4.9997500000e-01
32 27 -4.9997500000e-01
44 27 5.0250000000e-03
45 27 5.0250000000e-03
56 27 2.5752500000e-01
34 28 2.2620219014e-01
36 28 -2.6760318650e-01
46 28 3.1055421877e-01
47 28 -4.8843966447e-01
58 28 -1.3111873716e-01
34 29 -1.4393312895e-01
36 29 1.6513964026e-02
46 29 -4.0354197878e-01
47 29 -1.4393312895e-01
58 29 -4.0354197878e-01
34 30 -4.9997500000e-01
36 30 -4.9997500000e-01
46 30 5.0250000000e-03
47 30 5.0250000000e-03
58 30 2.5752500000e-01
38 31 2.0685892404e-01
40 31 -9.8329582547e-02
48 31 4.7982782272e-01
49 31 -1.3977553921e-02
60 31 3.4334337338e-01
38 32 1.7065328403e-01
40 32 -2.4940265877e-01
48 32 1.7065328403e-01
49 32 -5.0901150861e-01
60 32 -2.4940265877e-01
38 33 -4.9997500000e-01
40 33 -4.9997500000e-01
48 33 5.0250000000e-03
49 33 5.0250000000e-03
60 33 2.5752500000e-01
51 34 -3.5727092730e-01
53 34 1.3653444934e-01
55 34 4.4172295593e-01
57 34 1.3653444934e-01
59 34 -3.5727092730e-01
51 35 -2.5955884983e-01
53 35 -4.2000594281e-01
55 35 4.9999999974e-05
57 35 4.2010594281e-01
59 35 2.5965884983e-01
51 36 -2.4245000000e-01
53 36 -2.4245000000e-01
55 36 -2.4245000000e-01
57 36 -2.4245000000e-01
59 36 -2.4245000000e-01
1 37 4.4169503958e-01
2 37 -4.2433036421e-01
61 37 3.0521059024e-01
62 37 -1.3646236569e-01
64 37 3.0521059024e-01
65 37 -1.3646236569e-01
1 38 4.9999999974e-05
2 38 4.9999999974e-05
61 38 4.2010594281e-01
62 38 4.2010594281e-01
64 38 -4.2000594281e-01
65 38 -4.2000594281e-01
1 39 -2.4246212500e-01
2 39 2.5753787500e-01
61 39 3.7875000532e-05
62 39 2.5253787500e-01
64 39 3.7875000532e-05
65 39 2.5253787500e-01
3 40 1.3649127356e-01
4 40 -1.3112529377e-01
64 40 -3.0518168237e-01
66 40 -4.4166613171e-01
67 40 4.9381220086e-01
68 40 3.5732775153e-01
3 41 4.2007694561e-01
4 41 -4.0356215794e-01
64 41 4.2007694561e-01
66 41 2.1002797237e-05
67 41 1.6046809577e-01
68 41 -2.5958784703e-01
3 42 -2.4246212500e-01
4 42 2.5753787500e-01
64 42 3.7875000532e-05
66 42 2.5253787500e-01
67 42 3.7874999799e-05
68 42 2.5253787500e-01
5 43 -3.5730306126e-01
6 43 3.4332620796e-01
67 43 -4.9378751060e-01
69 43 -1.3646658329e-01
70 43 1.7866046458e-05
71 43 3.5733879335e-01
5 44 2.5962183027e-01
6 44 -2.4941513018e-01
67 44 -1.6043411253e-01
69 44 -4.2004296237e-01
70 44 5.1923068010e-01
71 44 2.5962183027e-01
5 45 -2.4246212500e-01
6 45 2.5753787500e-01
67 45 3.7874999799e-05
69 45 2.5253787500e-01
70 45 3.7874999799e-05
71 45 2.5253787500e-01
7 46 -3.5730306126e-01
8 46 3.4332620796e-01
70 46 1.7866046458e-05
72 46 3.5733879335e-01
73 46 -4.9378751060e-01
74 46 -1.3646658329e-01
7 47 -2.5959586939e-01
8 47 2.4944109106e-01
70 47 -5.1920471922e-01
72 47 -2.5959586939e-01
73 47 1.6046007342e-01
74 47 4.2006892325e-01
7 48 -2.4246212500e-01
8 48 2.5753787500e-01
70 48 3.7874999799e-05
72 48 2.5253787500e-01
73 48 3.7874999799e-05
74 48 2.5253787500e-01
9 49 1.3649127356e-01
10 49 -1.3112529377e-01
61 49 -3.0518168237e-01
63 49 -4.4166613171e-01
73 49 4.9381220086e-01
75 49 3.5732775153e-01
9 50 -4.2003494001e-01
10 50 4.0360416353e-01
61 50 -4.2003494001e-01
63 50 2.1002797237e-05
73 50 -1.6042609018e-01
75 50 2.5962985263e-01
9 51 -2.4246212500e-01
10 51 2.5753787500e-01
61 51 3.7875000532e-05
63 51 2.5253787500e-01
73 51 3.7874999799e-05
75 51 2.5253787500e-01
11 52 -2.8783909065e-01
12 52 3.1056974581e-01
65 52 1.3651335721e-01
66 52 4.4170186380e-01
79 52 -2.2080757009e-01
80 52 8.4380936497e-02
11 53 4.2007694561e-01
12 53 -4.0356215794e-01
65 53 4.2007694561e-01
66 53 2.1002797237e-05
79 53 1.6046809577e-01
80 53 -2.5958784703e-01
11 54 5.0252500000e-03
12 54 5.0252500000e-03
65 54 -2.5247475000e-01
66 54 -2.5247475000e-01
79 54 5.0502525000e-01
80 54 5.0502525000e-01
13 55 -4.8844200347e-01
14 55 4.7980383308e-01
68 55 -3.5730988548e-01
69 55 1.3649549116e-01
85 55 -2.2082543614e-01
86 55 2.7297994050e-01
13 56 -1.4394032767e-01
14 56 1.7066181543e-01
68 56 2.5964283307e-01
69 56 4.2008992605e-01
85 56 -1.6041310974e-01
86 56 3.3983239817e-05
13 57 5.0252500000e-03
14 57 5.0252500000e-03
68 57 -2.5247475000e-01
69 57 -2.5247475000e-01
85 57 5.0502525000e-01
86 57 5.0502525000e-01
15 58 -1.3976853292e-02
16 58 -1.3976853292e-02
71 58 -3.5728519521e-01
72 58 -3.5728519521e-01
91 58 8.4387760720e-02
92 58 8.4387760720e-02
15 59 -5.0898696045e-01
16 59 5.0908696046e-01
71 59 -2.5955884983e-01
72 59 2.5965884983e-01
91 59 -2.5955884983e-01
92 59 2.5965884983e-01
15 60 5.0252500000e-03
16 60 5.0252500000e-03
71 60 -2.5247475000e-01
72 60 -2.5247475000e-01
91 60 5.0502525000e-01
92 60 5.0502525000e-01
17 61 4.7980383308e-01
18 61 -4.8844200347e-01
74 61 1.3649549116e-01
75 61 -3.5730988548e-01
97 61 2.7297994050e-01
98 61 -2.2082543614e-01
17 62 -1.7059384895e-01
18 62 1.4400829415e-01
74 62 -4.2002195957e-01
75 62 -2.5957486659e-01
97 62 3.3983239817e-05
98 62 1.6048107622e-01
17 63 5.0252500000e-03
18 63 5.0252500000e-03
74 63 -2.5247475000e-01
75 63 -2.5247475000e-01
97 63 5.0502525000e-01
98 63 5.0502525000e-01
19 64 3.1056974581e-01
20 64 -2.8783909065e-01
62 64 1.3651335721e-01
63 64 4.4170186380e-01
103 64 -2.2080757009e-01
104 64 8.4380936497e-02
19 65 4.0360416353e-01
20 65 -4.2003494001e-01
62 65 -4.2003494001e-01
63 65 2.1002797237e-05
103 65 -1.6042609018e-01
104 65 2.5962985263e-01
19 66 5.0252500000e-03
20 66 5.0252500000e-03
62 66 -2.5247475000e-01
63 66 -2.5247475000e-01
103 66 5.0502525000e-01
104 66 5.0502525000e-01
21 67 -6.6991570857e-02
22 67 9.8404563705e-02
76 67 3.9949694022e-05
77 67 8.4391978321e-02
79 67 2.2087642766e-01
81 67 3.0522845629e-01
21 68 2.5962183027e-01
22 68 -2.4941513018e-01
76 68 5.1923068011e-01
77 68 2.5962183027e-01
79 68 -1.6043411253e-01
81 68 -4.2004296237e-01
23 70 2.2621349958e-01
24 70 -2.0679920231e-01
80 70 -8.4327338358e-02
81 70 -3.0516381632e-01
82 70 4.9383006691e-01
83 70 2.7299358895e-01
23 71 -1.4394032767e-01
24 71 1.7066181543e-01
80 71 2.5964283307e-01
81 71 4.2008992605e-01
82 71 -1.6041310974e-01
83 71 3.3983239408e-05
25 73 -2.6756656733e-01
26 73 2.6766656733e-01
82 73 -4.9375537664e-01
84 73 -2.2078647796e-01
85 73 2.2088647797e-01
87 73 4.9385537664e-01
25 74 1.6514787665e-02
26 74 1.6514787665e-02
82 74 1.6048909857e-01
84 74 1.6048909857e-01
85 74 1.6048909857e-01
87 74 1.6048909857e-01
27 76 2.0684858285e-01
28 76 -2.2616411904e-01
86 76 -2.7294420841e-01
87 76 -4.9378068637e-01
88 76 3.0521319686e-01
89 76 8.4376718896e-02
27 77 1.7066181542e-01
28 77 -1.4394032767e-01
86 77 3.3983239817e-05
87 77 -1.6041310974e-01
88 77 4.2008992605e-01
89 77 2.5964283307e-01
29 79 -9.8324664317e-02
30 79 6.7071470246e-02
88 79 -3.0514855690e-01
90 79 -2.2079652827e-01
91 79 -8.4312078932e-02
93 79 3.9949694022e-05
29 80 -2.4941513018e-01
30 80 2.5962183028e-01
88 80 -4.2004296237e-01
90 80 -1.6043411253e-01
91 80 2.5962183028e-01
93 80 5.1923068011e-01
31 82 -9.8324664317e-02
32 82 6.7071470246e-02
92 82 -8.4312078932e-02
93 82 3.9949694022e-05
94 82 -3.0514855690e-01
95 82 -2.2079652827e-01
31 83 2.4944109107e-01
32 83 -2.5959586939e-01
92 83 -2.5959586939e-01
93 83 -5.1920471922e-01
94 83 4.2006892325e-01
95 83 1.6046007342e-01
33 85 2.0684858285e-01
34 85 -2.2616411904e-01
94 85 3.0521319686e-01
96 85 8.4376718896e-02
97 85 -2.7294420841e-01
99 85 -4.9378068637e-01
33 86 -1.7059384895e-01
34 86 1.4400829415e-01
94 86 -4.2002195957e-01
96 86 -2.5957486659e-01
97 86 3.3983239817e-05
99 86 1.6048107622e-01
35 88 -2.6756656733e-01
36 88 2.6766656733e-01
98 88 2.2088647797e-01
99 88 4.9385537664e-01
100 88 -4.9375537664e-01
101 88 -2.2078647796e-01
35 89 -1.6430776477e-02
36 89 -1.6430776477e-02
98 89 -1.6040508738e-01
99 89 -1.6040508738e-01
100 89 -1.6040508738e-01
101 89 -1.6040508738e-01
37 91 2.2621349958e-01
38 91 -2.0679920231e-01
100 91 4.9383006691e-01
102 91 2.7299358895e-01
104 91 -8.4327338358e-02
105 91 -3.0516381632e-01
37 92 1.4400829415e-01
38 92 -1.7059384895e-01
100 92 1.6048107622e-01
102 92 3.3983239408e-05
104 92 -2.5957486659e-01
105 92 -4.2002195957e-01
39 94 -6.6991570857e-02
40 94 9.8404563705e-02
76 94 3.9949694022e-05
78 94 8.4391978321e-02
103 94 2.2087642766e-01
105 94 3.0522845629e-01
39 95 -2.5959586939e-01
40 95 2.4944109107e-01
76 95 -5.1920471922e-01
78 95 -2.5959586939e-01
103 95 1.6046007342e-01
105 95 4.2006892325e-01
41 97 -4.7978174943e-01
42 97 4.8846408712e-01
83 97 -2.7295785685e-01
84 97 2.2084751979e-01
109 97 -1.3647340751e-01
110 97 3.5733196913e-01
41 98 1.7066181543e-01
42 98 -1.4394032767e-01
83 98 3.3983239408e-05
84 98 -1.6041310974e-01
109 98 4.2008992605e-01
110 98 2.5964283307e-01
41 99 -4.9747499997e-03
42 99 -4.9747499997e-03
83 99 -5.0497475000e-01
84 99 -5.0497475000e-01
109 99 2.5252525000e-01
110 99 2.5252525000e-01
43 100 -3.1051193007e-01
44 100 2.8789690639e-01
89 100 -8.4323120757e-02
90 100 2.2086538584e-01
112 100 -4.4164404806e-01
113 100 -1.3645554147e-01
43 101 -4.0356215794e-01
44 101 4.2007694561e-01
89 101 -2.5958784703e-01
90 101 1.6046809577e-01
112 101 2.1002797237e-05
113 101 4.2007694561e-01
43 102 -4.9747499997e-03
44 102 -4.9747499997e-03
89 102 -5.0497475000e-01
90 102 -5.0497475000e-01
112 102 2.5252525000e-01
113 102 2.5252525000e-01
45 103 2.8789690639e-01
46 103 -3.1051193007e-01
95 103 2.2086538584e-01
96 103 -8.4323120757e-02
115 103 -1.3645554147e-01
116 103 -4.4164404806e-01
45 104 -4.2003494001e-01
46 104 4.0360416353e-01
95 104 -1.6042609018e-01
96 104 2.5962985263e-01
115 104 -4.2003494001e-01
116 104 2.1002797237e-05
45 105 -4.9747499997e-03
46 105 -4.9747499997e-03
95 105 -5.0497475000e-01
96 105 -5.0497475000e-01
115 105 2.5252525000e-01
116 105 2.5252525000e-01
47 106 4.8846408712e-01
48 106 -4.7978174943e-01
101 106 2.2084751979e-01
102 106 -2.7295785685e-01
118 106 3.5733196913e-01
119 106 -1.3647340751e-01
47 107 1.4400829415e-01
48 107 -1.7059384895e-01
101 107 1.6048107622e-01
102 107 3.3983239408e-05
118 107 -2.5957486659e-01
119 107 -4.2002195957e-01
47 108 -4.9747499997e-03
48 108 -4.9747499997e-03
101 108 -5.0497475000e-01
102 108 -5.0497475000e-01
118 108 2.5252525000e-01
119 108 2.5252525000e-01
49 109 1.4048317477e-02
50 109 1.4048317477e-02
77 109 -8.4316296534e-02
78 109 -8.4316296534e-02
106 109 3.5735665940e-01
107 109 3.5735665940e-01
49 110 5.0908696046e-01
50 110 -5.0898696045e-01
77 110 -2.5955884983e-01
78 110 2.5965884983e-01
106 110 -2.5955884983e-01
107 110 2.5965884983e-01
49 111 -4.9747499997e-03
50 111 -4.9747499997e-03
77 111 -5.0497475000e-01
78 111 -5.0497475000e-01
106 111 2.5252525000e-01
107 111 2.5252525000e-01
51 112 3.5733879335e-01
52 112 -3.4329047587e-01
106 112 -3.5730306126e-01
108 112 1.7866046458e-05
109 112 1.3650231538e-01
111 112 4.9382324269e-01
51 113 2.5962183027e-01
52 113 -2.4941513018e-01
106 113 2.5962183027e-01
108 113 5.1923068011e-01
109 113 -4.2004296237e-01
111 113 -1.6043411253e-01
51 114 2.4253787500e-01
52 114 -2.5746212500e-01
106 114 -2.5246212500e-01
108 114 3.7875000532e-05
109 114 -2.5246212500e-01
111 114 3.7874999799e-05
53 115 -1.3647762512e-01
54 115 1.3113894221e-01
110 115 -3.5731410308e-01
111 115 -4.9379855242e-01
112 115 4.4167978015e-01
114 115 3.0519533081e-01
53 116 4.2007694561e-01
54 116 -4.0356215794e-01
110 116 -2.5958784703e-01
111 116 1.6046809577e-01
112 116 2.1002797237e-05
114 116 4.2007694561e-01
53 117 2.4253787500e-01
54 117 -2.5746212500e-01
110 117 -2.5246212500e-01
111 117 3.7874999799e-05
112 117 -2.5246212500e-01
114 117 3.7874999799e-05
55 118 -4.4165087228e-01
56 118 4.2437453150e-01
113 118 1.3650653299e-01
114 118 -3.0516642294e-01
115 118 1.3650653299e-01
117 118 -3.0516642294e-01
55 119 4.9999999974e-05
56 119 4.9999999974e-05
113 119 -4.2000594281e-01
114 119 -4.2000594281e-01
115 119 4.2010594281e-01
117 119 4.2010594281e-01
55 120 2.4253787500e-01
56 120 -2.5746212500e-01
113 120 -2.5246212500e-01
114 120 3.7874999799e-05
115 120 -2.5246212500e-01
117 120 3.7874999799e-05
57 121 -1.3647762512e-01
58 121 1.3113894221e-01
116 121 4.4167978015e-01
117 121 3.0519533081e-01
118 121 -3.5731410308e-01
120 121 -4.9379855242e-01
57 122 -4.2003494001e-01
58 122 4.0360416353e-01
116 122 2.1002797237e-05
117 122 -4.2003494001e-01
118 122 2.5962985263e-01
120 122 -1.6042609018e-01
57 123 2.4253787500e-01
58 123 -2.5746212500e-01
116 123 -2.5246212500e-01
117 123 3.7874999799e-05
118 123 -2.5246212500e-01
120 123 3.7874999799e-05
59 124 3.5733879335e-01
60 124 -3.4329047587e-01
107 124 -3.5730306126e-01
108 124 1.7866046458e-05
119 124 1.3650231538e-01
120 124 4.9382324269e-01
59 125 -2.5959586939e-01
60 125 2.4944109107e-01
107 125 -2.5959586939e-01
108 125 -5.1920471922e-01
119 125 4.2006892325e-01
120 125 1.6046007342e-01
59 126 2.4253787500e-01
60 126 -2.5746212500e-01
107 126 -2.5246212500e-01
108 126 3.7875000532e-05
119 126 -2.5246212500e-01
120 126 3.7874999799e-05
121 2 1.0000000000e+00
121 3 -0.0000000000e+00
122 1 -1.0000000000e+00
122 3 0.0000000000e+00
123 1 0.0000000000e+00
123 2 -0.0000000000e+00
124 1 1.0000000000e+00
125 2 1.0000000000e+00
126 3 1.0000000000e+00
121 5 5.0000000000e-01
121 6 -0.0000000000e+00
122 4 -5.0000000000e-01
122 6 8.6602540378e-01
123 4 0.0000000000e+00
123 5 -8.6602540378e-01
124 4 1.0000000000e+00
125 5 1.0000000000e+00
126 6 1.0000000000e+00
121 8 5.0000000000e-01
121 9 -8.2363910355e-01
122 7 -5.0000000000e-01
122 9 2.6761656733e-01
123 7 8.2363910355e-01
123 8 -2.6761656733e-01
124 7 1.0000000000e+00
125 8 1.0000000000e+00
126 9 1.0000000000e+00
121 11 5.0000000000e-01
121 12 -5.0903696046e-01
122 10 -5.0000000000e-01
122 12 -7.0062926922e-01
123 10 5.0903696046e-01
123 11 7.0062926922e-01
124 10 1.0000000000e+00
125 11 1.0000000000e+00
126 12 1.0000000000e+00
121 14 5.0000000000e-01
121 15 5.0903696046e-01
122 13 -5.0000000000e-01
122 15 -7.0062926922e-01
123 13 -5.0903696046e-01
123 14 7.0062926922e-01
124 13 1.0000000000e+00
125 14 1.0000000000e+00
126 15 1.0000000000e+00
121 17 5.0000000000e-01
121 18 8.2363910355e-01
122 16 -5.0000000000e-01
122 18 2.6761656733e-01
123 16 -8.2363910355e-01
123 17 -2.6761656733e-01
124 16 1.0000000000e+00
125 17 1.0000000000e+00
126 18 1.0000000000e+00
121 20 -5.0000000000e-01
121 21 -5.0903696046e-01
122 19 5.0000000000e-01
122 21 7.0062926922e-01
123 19 5.0903696046e-01
123 20 -7.0062926922e-01
124 19 1.0000000000e+00
125 20 1.0000000000e+00
126 21 1.0000000000e+00
121 23 -5.0000000000e-01
121 24 -8.2363910355e-01
122 22 5.0000000000e-01
122 24 -2.6761656733e-01
123 22 8.2363910355e-01
123 23 2.6761656733e-01
124 22 1.0000000000e+00
125 23 1.0000000000e+00
126 24 1.0000000000e+00
121 26 -5.0000000000e-01
121 27 -0.0000000000e+00
122 25 5.0000000000e-01
122 27 -8.6602540378e-01
123 25 0.0000000000e+00
123 26 8.6602540378e-01
124 25 1.0000000000e+00
125 26 1.0000000000e+00
126 27 1.0000000000e+00
121 29 -5.0000000000e-01
121 30 8.2363910355e-01
122 28 5.0000000000e-01
122 30 -2.6761656733e-01
123 28 -8.2363910355e-01
123 29 2.6761656733e-01
124 28 1.0000000000e+00
125 29 1.0000000000e+00
126 30 1.0000000000e+00
121 32 -5.0000000000e-01
121 33 5.0903696046e-01
122 31 5.0000000000e-01
122 33 7.0062926922e-01
123 31 -5.0903696046e-01
123 32 -7.0062926922e-01
124 31 1.0000000000e+00
125 32 1.0000000000e+00
126 33 1.0000000000e+00
121 35 -1.0000000000e+00
121 36 -0.0000000000e+00
122 34 1.0000000000e+00
122 36 0.0000000000e+00
123 34 0.0000000000e+00
123 35 -0.0000000000e+00
124 34 1.0000000000e+00
125 35 1.0000000000e+00
126 36 1.0000000000e+00
121 38 7.5750000000e-01
121 39 -0.0000000000e+00
122 37 -7.5750000000e-01
122 39 4.4167295593e-01
123 37 0.0000000000e+00
123 38 -4.4167295593e-01
124 37 1.0000000000e+00
125 38 1.0000000000e+00
126 39 1.0000000000e+00
121 41 7.5750000000e-01
121 42 -4.2005594281e-01
122 40 -7.5750000000e-01
122 42 1.3648444934e-01
123 40 4.2005594281e-01
123 41 -1.3648444934e-01
124 40 1.0000000000e+00
125 41 1.0000000000e+00
126 42 1.0000000000e+00
121 44 7.5750000000e-01
121 45 -2.5960884983e-01
122 43 -7.5750000000e-01
122 45 -3.5732092730e-01
123 43 2.5960884983e-01
123 44 3.5732092730e-01
124 43 1.0000000000e+00
125 44 1.0000000000e+00
126 45 1.0000000000e+00
121 47 7.5750000000e-01
121 48 2.5960884983e-01
122 46 -7.5750000000e-01
122 48 -3.5732092730e-01
123 46 -2.5960884983e-01
123 47 3.5732092730e-01
124 46 1.0000000000e+00
125 47 1.0000000000e+00
126 48 1.0000000000e+00
121 50 7.5750000000e-01
121 51 4.2005594281e-01
122 49 -7.5750000000e-01
122 51 1.3648444934e-01
123 49 -4.2005594281e-01
123 50 -1.3648444934e-01
124 49 1.0000000000e+00
125 50 1.0000000000e+00
126 51 1.0000000000e+00
121 53 5.0500000000e-01
121 54 -4.2005594281e-01
122 52 -5.0500000000e-01
122 54 5.7815740527e-01
123 52 4.2005594281e-01
123 53 -5.7815740527e-01
124 52 1.0000000000e+00
125 53 1.0000000000e+00
126 54 1.0000000000e+00
121 56 5.0500000000e-01
121 57 -6.7966479264e-01
122 55 -5.0500000000e-01
122 57 -2.2083647797e-01
123 55 6.7966479264e-01
123 56 2.2083647797e-01
124 55 1.0000000000e+00
125 56 1.0000000000e+00
126 57 1.0000000000e+00
121 59 5.0500000000e-01
121 60 -0.0000000000e+00
122 58 -5.0500000000e-01
122 60 -7.1464185461e-01
123 58 0.0000000000e+00
123 59 7.1464185461e-01
124 58 1.0000000000e+00
125 59 1.0000000000e+00
126 60 1.0000000000e+00
121 62 5.0500000000e-01
121 63 6.7966479264e-01
122 61 -5.0500000000e-01
122 63 -2.2083647797e-01
123 61 -6.7966479264e-01
123 62 2.2083647797e-01
124 61 1.0000000000e+00
125 62 1.0000000000e+00
126 63 1.0000000000e+00
121 65 5.0500000000e-01
121 66 4.2005594281e-01
122 64 -5.0500000000e-01
122 66 5.7815740527e-01
123 64 -4.2005594281e-01
123 65 -5.7815740527e-01
124 64 1.0000000000e+00
125 65 1.0000000000e+00
126 66 1.0000000000e+00
121 68 1.1213252549e-16
121 69 -2.5960884983e-01
122 67 -1.1213252549e-16
122 69 7.9899388323e-01
123 67 2.5960884983e-01
123 68 -7.9899388323e-01
124 67 1.0000000000e+00
125 68 1.0000000000e+00
126 69 1.0000000000e+00
121 71 1.1213252549e-16
121 72 -6.7966479264e-01
122 70 -1.1213252549e-16
122 72 4.9380537664e-01
123 70 6.7966479264e-01
123 71 -4.9380537664e-01
124 70 1.0000000000e+00
125 71 1.0000000000e+00
126 72 1.0000000000e+00
121 74 1.1213252549e-16
121 75 -8.4011188562e-01
122 73 -1.1213252549e-16
122 75 0.0000000000e+00
123 73 8.4011188562e-01
123 74 -0.0000000000e+00
124 73 1.0000000000e+00
125 74 1.0000000000e+00
126 75 1.0000000000e+00
121 77 1.1213252549e-16
121 78 -6.7966479264e-01
122 76 -1.1213252549e-16
122 78 -4.9380537664e-01
123 76 6.7966479264e-01
123 77 4.9380537664e-01
124 76 1.0000000000e+00
125 77 1.0000000000e+00
126 78 1.0000000000e+00
121 80 1.1213252549e-16
121 81 -2.5960884983e-01
122 79 -1.1213252549e-16
122 81 -7.9899388323e-01
123 79 2.5960884983e-01
123 80 7.9899388323e-01
124 79 1.0000000000e+00
125 80 1.0000000000e+00
126 81 1.0000000000e+00
121 83 1.1213252549e-16
121 84 2.5960884983e-01
122 82 -1.1213252549e-16
122 84 -7.9899388323e-01
123 82 -2.5960884983e-01
123 83 7.9899388323e-01
124 82 1.0000000000e+00
125 83 1.0000000000e+00
126 84 1.0000000000e+00
121 86 1.1213252549e-16
121 87 6.7966479264e-01
122 85 -1.1213252549e-16
122 87 -4.9380537664e-01
123 85 -6.7966479264e-01
123 86 4.9380537664e-01
124 85 1.0000000000e+00
125 86 1.0000000000e+00
126 87 1.0000000000e+00
121 89 1.1213252549e-16
121 90 8.4011188562e-01
122 88 -1.1213252549e-16
122 90 0.0000000000e+00
123 88 -8.4011188562e-01
123 89 -0.0000000000e+00
124 88 1.0000000000e+00
125 89 1.0000000000e+00
126 90 1.0000000000e+00
121 92 1.1213252549e-16
121 93 6.7966479264e-01
122 91 -1.1213252549e-16
122 93 4.9380537664e-01
123 91 -6.7966479264e-01
123 92 -4.9380537664e-01
124 91 1.0000000000e+00
125 92 1.0000000000e+00
126 93 1.0000000000e+00
121 95 1.1213252549e-16
121 96 2.5960884983e-01
122 94 -1.1213252549e-16
122 96 7.9899388323e-01
123 94 -2.5960884983e-01
123 95 -7.9899388323e-01
124 94 1.0000000000e+00
125 95 1.0000000000e+00
126 96 1.0000000000e+00
121 98 -5.0500000000e-01
121 99 -6.7966479264e-01
122 97 5.0500000000e-01
122 99 2.2083647797e-01
123 97 6.7966479264e-01
123 98 -2.2083647797e-01
124 97 1.0000000000e+00
125 98 1.0000000000e+00
126 99 1.0000000000e+00
121 101 -5.0500000000e-01
121 102 -4.2005594281e-01
122 100 5.0500000000e-01
122 102 -5.7815740527e-01
123 100 4.2005594281e-01
123 101 5.7815740527e-01
124 100 1.0000000000e+00
125 101 1.0000000000e+00
126 102 1.0000000000e+00
121 104 -5.0500000000e-01
121 105 4.2005594281e-01
122 103 5.0500000000e-01
122 105 -5.7815740527e-01
123 103 -4.2005594281e-01
123 104 5.7815740527e-01
124 103 1.0000000000e+00
125 104 1.0000000000e+00
126 105 1.0000000000e+00
121 107 -5.0500000000e-01
121 108 6.7966479264e-01
122 106 5.0500000000e-01
122 108 2.2083647797e-01
123 106 -6.7966479264e-01
123 107 -2.2083647797e-01
124 106 1.0000000000e+00
125 107 1.0000000000e+00
126 108 1.0000000000e+00
121 110 -5.0500000000e-01
121 111 -0.0000000000e+00
122 109 5.0500000000e-01
122 111 7.1464185461e-01
123 109 0.0000000000e+00
123 110 -7.1464185461e-01
124 109 1.0000000000e+00
125 110 1.0000000000e+00
126 111 1.0000000000e+00
121 113 -7.5750000000e-01
121 114 -2.5960884983e-01
122 112 7.5750000000e-01
122 114 3.5732092730e-01
123 112 2.5960884983e-01
123 113 -3.5732092730e-01
124 112 1.0000000000e+00
125 113 1.0000000000e+00
126 114 1.0000000000e+00
121 116 -7.5750000000e-01
121 117 -4.2005594281e-01
122 115 7.5750000000e-01
122 117 -1.3648444934e-01
123 115 4.2005594281e-01
123 116 1.3648444934e-01
124 115 1.0000000000e+00
125 116 1.0000000000e+00
126 117 1.0000000000e+00
121 119 -7.5750000000e-01
121 120 -0.0000000000e+00
122 118 7.5750000000e-01
122 120 -4.4167295593e-01
123 118 0.0000000000e+00
123 119 4.4167295593e-01
124 118 1.0000000000e+00
125 119 1.0000000000e+00
126 120 1.0000000000e+00
121 122 -7.5750000000e-01
121 123 4.2005594281e-01
122 121 7.5750000000e-01
122 123 -1.3648444934e-01
123 121 -4.2005594281e-01
123 122 1.3648444934e-01
124 121 1.0000000000e+00
125 122 1.0000000000e+00
126 123 1.0000000000e+00
121 125 -7.5750000000e-01
121 126 2.5960884983e-01
122 124 7.5750000000e-01
122 126 3.5732092730e-01
123 124 -2.5960884983e-01
123 125 -3.5732092730e-01
124 124 1.0000000000e+00
125 125 1.0000000000e+00
126 126 1.0000000000e+00
0 0 0.0000000000e+00
-1.0137213904e-02
-1.3887213904e-02
-1.0137213904e-02
-1.3887213904e-02
-1.0137213904e-02
-1.3887213904e-02
-1.0137213904e-02
-1.3887213904e-02
-1.0137213904e-02
-1.3887213904e-02
-4.1276572904e-02
-4.1276572904e-02
-4.1276572904e-02
-4.1276572904e-02
-4.1276572904e-02
-4.1276572904e-02
-4.1276572904e-02
-4.1276572904e-02
-4.1276572904e-02
-4.1276572904e-02
-2.2160260597e-02
-2.2160260597e-02
-2.2160260597e-02
-2.2160260597e-02
-2.2160260597e-02
-2.2160260597e-02
-2.2160260597e-02
-2.2160260597e-02
-2.2160260597e-02
-2.2160260597e-02
-2.2160260597e-02
-2.2160260597e-02
-2.2160260597e-02
-2.2160260597e-02
-2.2160260597e-02
-2.2160260597e-02
-2.2160260597e-02
-2.2160260597e-02
-2.2160260597e-02
-2.2160260597e-02
-4.1276572904e-02
-4.1276572904e-02
-4.1276572904e-02
-4.1276572904e-02
-4.1276572904e-02
-4.1276572904e-02
-4.1276572904e-02
-4.1276572904e-02
-4.1276572904e-02
-4.1276572904e-02
-1.0137213904e-02
-1.3887213904e-02
-1.0137213904e-02
-1.3887213904e-02
-1.0137213904e-02
-1.3887213904e-02
-1.0137213904e-02
-1.3887213904e-02
-1.0137213904e-02
-1.3887213904e-02
-2.5999066622e-01
-1.4127824955e-01
-1.4127824955e-01
-2.5999066622e-01
-1.4127824955e-01
-1.4127824955e-01
-2.5999066622e-01
-1.4127824955e-01
-1.4127824955e-01
-2.5999066622e-01
-1.4127824955e-01
-1.4127824955e-01
-2.5999066622e-01
-1.4127824955e-01
-1.4127824955e-01
-6.2598578199e-02
-1.8336740604e-02
-1.8336740604e-02
-1.8336740604e-02
-1.8336740604e-02
-6.2598578199e-02
-6.2598578199e-02
-1.8336740604e-02
-1.8336740604e-02
-1.8336740604e-02
-1.8336740604e-02
-6.2598578199e-02
-6.2598578199e-02
-1.8336740604e-02
-1.8336740604e-02
-1.8336740604e-02
-1.8336740604e-02
-6.2598578199e-02
-6.2598578199e-02
-1.8336740604e-02
-1.8336740604e-02
-1.8336740604e-02
-1.8336740604e-02
-6.2598578199e-02
-6.2598578199e-02
-1.8336740604e-02
-1.8336740604e-02
-1.8336740604e-02
-1.8336740604e-02
-6.2598578199e-02
-1.4127824955e-01
-1.4127824955e-01
-2.5999066622e-01
-1.4127824955e-01
-1.4127824955e-01
-2.5999066622e-01
-1.4127824955e-01
-1.4127824955e-01
-2.5999066622e-01
-1.4127824955e-01
-1.4127824955e-01
-2.5999066622e-01
-1.4127824955e-01
-1.4127824955e-01
-2.5999066622e-01
0.0000000000e+00
0.0000000000e+00
0.0000000000e+00
1.1102230246e-16
2.2204460493e-16
-2.2204460493e-16


