Zycad test matrix add4mat, 450 x 450.
450	real
1 1 0.1E+01
2 2 0.1E+01
3 3 0.1E+01
4 4 0.1E+01
5 5 0.1E+01
6 6 0.1E+01
7 7 0.1E+01
8 8 0.1E+01
9 9 0.708106781189555E+00
9 93 -0.707106781187547E+00
9 301 0.707106781185539E+00
10 10 0.708106781189555E+00
10 147 -0.707106781187547E+00
10 346 0.707106781185539E+00
11 11 0.708106781189555E+00
11 201 -0.707106781187547E+00
11 391 0.707106781185539E+00
12 12 0.708106781189555E+00
12 255 -0.707106781187547E+00
12 436 0.707106781185539E+00
13 13 0.708106781189555E+00
13 261 -0.707106781187547E+00
13 441 0.707106781185539E+00
14 14 0.1E+01
15 15 0.355439008677141E+01
15 153 -0.707106781187547E+00
15 178 -0.100386635011491E-11
15 184 -0.100386635011491E-11
15 351 0.707106781185539E+00
15 372 -0.716534871602376E+00
15 377 -0.716534871602376E+00
16 16 0.355439008677141E+01
16 99 -0.707106781187547E+00
16 124 -0.100386635011491E-11
16 130 -0.100386635011491E-11
16 306 0.707106781185539E+00
16 327 -0.716534871602376E+00
16 332 -0.716534871602376E+00
17 17 0.355439008677141E+01
17 207 -0.707106781187547E+00
17 232 -0.100386635011491E-11
17 238 -0.100386635011491E-11
17 396 0.707106781185539E+00
17 417 -0.716534871602376E+00
17 422 -0.716534871602376E+00
18 18 0.497803173956234E+01
18 51 -0.707106781187547E+00
18 52 -0.100386635011491E-11
18 58 -0.100386635011491E-11
18 94 -0.100386635011491E-11
18 266 0.707106781185539E+00
18 268 -0.716534871602376E+00
18 273 -0.716534871602376E+00
18 303 -0.716534871602376E+00
19 19 0.213074843398048E+01
19 57 -0.707106781187547E+00
19 64 -0.100386635011491E-11
19 271 0.707106781185539E+00
19 277 -0.716534871602376E+00
20 20 0.213074843398048E+01
20 63 -0.707106781187547E+00
20 64 -0.100386635011491E-11
20 276 0.707106781185539E+00
20 278 -0.716534871602376E+00
21 21 0.355439008677141E+01
21 69 -0.707106781187547E+00
21 70 -0.100386635011491E-11
21 82 -0.100386635011491E-11
21 281 0.707106781185539E+00
21 283 -0.716534871602376E+00
21 292 -0.716534871602376E+00
22 22 0.497803173956234E+01
22 75 -0.707106781187547E+00
22 76 -0.100386635011491E-11
22 82 -0.100386635011491E-11
22 94 -0.100386635011491E-11
22 286 0.707106781185539E+00
22 288 -0.716534871602376E+00
22 293 -0.716534871602376E+00
22 302 -0.716534871602376E+00
23 23 0.213074843398048E+01
23 81 -0.707106781187547E+00
23 88 -0.100386635011491E-11
23 291 0.707106781185539E+00
23 297 -0.716534871602376E+00
24 24 0.213074843398048E+01
24 87 -0.707106781187547E+00
24 88 -0.100386635011491E-11
24 296 0.707106781185539E+00
24 298 -0.716534871602376E+00
25 25 0.497803173956234E+01
25 105 -0.707106781187547E+00
25 106 -0.100386635011491E-11
25 112 -0.100386635011491E-11
25 148 -0.100386635011491E-11
25 311 0.707106781185539E+00
25 313 -0.716534871602376E+00
25 318 -0.716534871602376E+00
25 348 -0.716534871602376E+00
26 26 0.213074843398048E+01
26 111 -0.707106781187547E+00
26 118 -0.100386635011491E-11
26 316 0.707106781185539E+00
26 322 -0.716534871602376E+00
27 27 0.213074843398048E+01
27 117 -0.707106781187547E+00
27 118 -0.100386635011491E-11
27 321 0.707106781185539E+00
27 323 -0.716534871602376E+00
28 28 0.355439008677141E+01
28 123 -0.707106781187547E+00
28 124 -0.100386635011491E-11
28 136 -0.100386635011491E-11
28 326 0.707106781185539E+00
28 328 -0.716534871602376E+00
28 337 -0.716534871602376E+00
29 29 0.497803173956234E+01
29 129 -0.707106781187547E+00
29 130 -0.100386635011491E-11
29 136 -0.100386635011491E-11
29 148 -0.100386635011491E-11
29 331 0.707106781185539E+00
29 333 -0.716534871602376E+00
29 338 -0.716534871602376E+00
29 347 -0.716534871602376E+00
30 30 0.213074843398048E+01
30 135 -0.707106781187547E+00
30 142 -0.100386635011491E-11
30 336 0.707106781185539E+00
30 342 -0.716534871602376E+00
31 31 0.213074843398048E+01
31 141 -0.707106781187547E+00
31 142 -0.100386635011491E-11
31 341 0.707106781185539E+00
31 343 -0.716534871602376E+00
32 32 0.497803173956234E+01
32 159 -0.707106781187547E+00
32 160 -0.100386635011491E-11
32 166 -0.100386635011491E-11
32 202 -0.100386635011491E-11
32 356 0.707106781185539E+00
32 358 -0.716534871602376E+00
32 363 -0.716534871602376E+00
32 393 -0.716534871602376E+00
33 33 0.213074843398048E+01
33 165 -0.707106781187547E+00
33 172 -0.100386635011491E-11
33 361 0.707106781185539E+00
33 367 -0.716534871602376E+00
34 34 0.213074843398048E+01
34 171 -0.707106781187547E+00
34 172 -0.100386635011491E-11
34 366 0.707106781185539E+00
34 368 -0.716534871602376E+00
35 35 0.355439008677141E+01
35 177 -0.707106781187547E+00
35 178 -0.100386635011491E-11
35 190 -0.100386635011491E-11
35 371 0.707106781185539E+00
35 373 -0.716534871602376E+00
35 382 -0.716534871602376E+00
36 36 0.497803173956234E+01
36 183 -0.707106781187547E+00
36 184 -0.100386635011491E-11
36 190 -0.100386635011491E-11
36 202 -0.100386635011491E-11
36 376 0.707106781185539E+00
36 378 -0.716534871602376E+00
36 383 -0.716534871602376E+00
36 392 -0.716534871602376E+00
37 37 0.213074843398048E+01
37 189 -0.707106781187547E+00
37 196 -0.100386635011491E-11
37 381 0.707106781185539E+00
37 387 -0.716534871602376E+00
38 38 0.213074843398048E+01
38 195 -0.707106781187547E+00
38 196 -0.100386635011491E-11
38 386 0.707106781185539E+00
38 388 -0.716534871602376E+00
39 39 0.497803173956234E+01
39 213 -0.707106781187547E+00
39 214 -0.100386635011491E-11
39 220 -0.100386635011491E-11
39 256 -0.100386635011491E-11
39 401 0.707106781185539E+00
39 403 -0.716534871602376E+00
39 408 -0.716534871602376E+00
39 438 -0.716534871602376E+00
40 40 0.213074843398048E+01
40 219 -0.707106781187547E+00
40 226 -0.100386635011491E-11
40 406 0.707106781185539E+00
40 412 -0.716534871602376E+00
41 41 0.213074843398048E+01
41 225 -0.707106781187547E+00
41 226 -0.100386635011491E-11
41 411 0.707106781185539E+00
41 413 -0.716534871602376E+00
42 42 0.355439008677141E+01
42 231 -0.707106781187547E+00
42 232 -0.100386635011491E-11
42 244 -0.100386635011491E-11
42 416 0.707106781185539E+00
42 418 -0.716534871602376E+00
42 427 -0.716534871602376E+00
43 43 0.497803173956234E+01
43 237 -0.707106781187547E+00
43 238 -0.100386635011491E-11
43 244 -0.100386635011491E-11
43 256 -0.100386635011491E-11
43 421 0.707106781185539E+00
43 423 -0.716534871602376E+00
43 428 -0.716534871602376E+00
43 437 -0.716534871602376E+00
44 44 0.213074843398048E+01
44 243 -0.707106781187547E+00
44 250 -0.100386635011491E-11
44 426 0.707106781185539E+00
44 432 -0.716534871602376E+00
45 45 0.213074843398048E+01
45 249 -0.707106781187547E+00
45 250 -0.100386635011491E-11
45 431 0.707106781185539E+00
45 433 -0.716534871602376E+00
46 1 -0.707106781187546E+00
46 2 -0.707106781187546E+00
46 46 0.100000000040155E-01
46 262 0.707106781185539E+00
46 263 0.707106781185539E+00
46 264 -0.1E-01
47 14 -0.25E-03
47 47 0.2025E-01
47 262 -0.1E-01
47 263 -0.1E-01
48 14 -0.625E-03
48 48 0.106250000020077E-01
48 49 -0.707106781187546E+00
48 264 0.707106781185539E+00
48 265 -0.1E-01
49 48 -0.100386635011491E-11
49 49 0.72753487160338E+00
49 264 -0.716534871602376E+00
49 266 -0.1E-01
50 14 -0.769230769230769E-02
50 50 0.769230769431543E-02
50 51 -0.707106781187546E+00
50 265 0.707106781185539E+00
51 18 -0.707106781187547E+00
51 50 -0.100386635011491E-11
51 51 0.142364165279093E+01
51 265 -0.716534871602376E+00
52 1 -0.707106781187546E+00
52 18 -0.707106781187546E+00
52 52 0.100000000040155E-01
52 267 0.707106781185539E+00
52 268 0.707106781185539E+00
52 269 -0.1E-01
53 14 -0.25E-03
53 53 0.2025E-01
53 267 -0.1E-01
53 268 -0.1E-01
54 14 -0.625E-03
54 54 0.106250000020077E-01
54 55 -0.707106781187546E+00
54 269 0.707106781185539E+00
54 270 -0.1E-01
55 54 -0.100386635011491E-11
55 55 0.72753487160338E+00
55 269 -0.716534871602376E+00
55 271 -0.1E-01
56 14 -0.769230769230769E-02
56 56 0.769230769431543E-02
56 57 -0.707106781187546E+00
56 270 0.707106781185539E+00
57 19 -0.707106781187547E+00
57 56 -0.100386635011491E-11
57 57 0.142364165279093E+01
57 270 -0.716534871602376E+00
58 2 -0.707106781187546E+00
58 18 -0.707106781187546E+00
58 58 0.100000000040155E-01
58 272 0.707106781185539E+00
58 273 0.707106781185539E+00
58 274 -0.1E-01
59 14 -0.25E-03
59 59 0.2025E-01
59 272 -0.1E-01
59 273 -0.1E-01
60 14 -0.625E-03
60 60 0.106250000020077E-01
60 61 -0.707106781187546E+00
60 274 0.707106781185539E+00
60 275 -0.1E-01
61 60 -0.100386635011491E-11
61 61 0.72753487160338E+00
61 274 -0.716534871602376E+00
61 276 -0.1E-01
62 14 -0.769230769230769E-02
62 62 0.769230769431543E-02
62 63 -0.707106781187546E+00
62 275 0.707106781185539E+00
63 20 -0.707106781187547E+00
63 62 -0.100386635011491E-11
63 63 0.142364165279093E+01
63 275 -0.716534871602376E+00
64 19 -0.707106781187546E+00
64 20 -0.707106781187546E+00
64 64 0.100000000040155E-01
64 277 0.707106781185539E+00
64 278 0.707106781185539E+00
64 279 -0.1E-01
65 14 -0.25E-03
65 65 0.2025E-01
65 277 -0.1E-01
65 278 -0.1E-01
66 14 -0.625E-03
66 66 0.106250000020077E-01
66 67 -0.707106781187546E+00
66 279 0.707106781185539E+00
66 280 -0.1E-01
67 66 -0.100386635011491E-11
67 67 0.72753487160338E+00
67 279 -0.716534871602376E+00
67 281 -0.1E-01
68 14 -0.769230769230769E-02
68 68 0.769230769431543E-02
68 69 -0.707106781187546E+00
68 280 0.707106781185539E+00
69 21 -0.707106781187547E+00
69 68 -0.100386635011491E-11
69 69 0.142364165279093E+01
69 280 -0.716534871602376E+00
70 21 -0.707106781187546E+00
70 70 0.100000000040155E-01
70 282 0.707106781185539E+00
70 283 0.707106781185539E+00
70 284 -0.1E-01
71 14 -0.25E-03
71 71 0.2025E-01
71 282 -0.1E-01
71 283 -0.1E-01
72 14 -0.625E-03
72 72 0.106250000020077E-01
72 73 -0.707106781187546E+00
72 284 0.707106781185539E+00
72 285 -0.1E-01
73 72 -0.100386635011491E-11
73 73 0.72753487160338E+00
73 284 -0.716534871602376E+00
73 286 -0.1E-01
74 14 -0.769230769230769E-02
74 74 0.769230769431543E-02
74 75 -0.707106781187546E+00
74 285 0.707106781185539E+00
75 22 -0.707106781187547E+00
75 74 -0.100386635011491E-11
75 75 0.142364165279093E+01
75 285 -0.716534871602376E+00
76 22 -0.707106781187546E+00
76 76 0.100000000040155E-01
76 287 0.707106781185539E+00
76 288 0.707106781185539E+00
76 289 -0.1E-01
77 14 -0.25E-03
77 77 0.2025E-01
77 287 -0.1E-01
77 288 -0.1E-01
78 14 -0.625E-03
78 78 0.106250000020077E-01
78 79 -0.707106781187546E+00
78 289 0.707106781185539E+00
78 290 -0.1E-01
79 78 -0.100386635011491E-11
79 79 0.72753487160338E+00
79 289 -0.716534871602376E+00
79 291 -0.1E-01
80 14 -0.769230769230769E-02
80 80 0.769230769431543E-02
80 81 -0.707106781187546E+00
80 290 0.707106781185539E+00
81 23 -0.707106781187547E+00
81 80 -0.100386635011491E-11
81 81 0.142364165279093E+01
81 290 -0.716534871602376E+00
82 21 -0.707106781187546E+00
82 22 -0.707106781187546E+00
82 82 0.100000000040155E-01
82 292 0.707106781185539E+00
82 293 0.707106781185539E+00
82 294 -0.1E-01
83 14 -0.25E-03
83 83 0.2025E-01
83 292 -0.1E-01
83 293 -0.1E-01
84 14 -0.625E-03
84 84 0.106250000020077E-01
84 85 -0.707106781187546E+00
84 294 0.707106781185539E+00
84 295 -0.1E-01
85 84 -0.100386635011491E-11
85 85 0.72753487160338E+00
85 294 -0.716534871602376E+00
85 296 -0.1E-01
86 14 -0.769230769230769E-02
86 86 0.769230769431543E-02
86 87 -0.707106781187546E+00
86 295 0.707106781185539E+00
87 24 -0.707106781187547E+00
87 86 -0.100386635011491E-11
87 87 0.142364165279093E+01
87 295 -0.716534871602376E+00
88 23 -0.707106781187546E+00
88 24 -0.707106781187546E+00
88 88 0.100000000040155E-01
88 297 0.707106781185539E+00
88 298 0.707106781185539E+00
88 299 -0.1E-01
89 14 -0.25E-03
89 89 0.2025E-01
89 297 -0.1E-01
89 298 -0.1E-01
90 14 -0.625E-03
90 90 0.106250000020077E-01
90 91 -0.707106781187546E+00
90 299 0.707106781185539E+00
90 300 -0.1E-01
91 90 -0.100386635011491E-11
91 91 0.72753487160338E+00
91 299 -0.716534871602376E+00
91 301 -0.1E-01
92 14 -0.769230769230769E-02
92 92 0.769230769431543E-02
92 93 -0.707106781187546E+00
92 300 0.707106781185539E+00
93 9 -0.707106781187547E+00
93 92 -0.100386635011491E-11
93 93 0.142364165279093E+01
93 300 -0.716534871602376E+00
94 18 -0.707106781187546E+00
94 22 -0.707106781187546E+00
94 94 0.100000000040155E-01
94 302 0.707106781185539E+00
94 303 0.707106781185539E+00
94 304 -0.1E-01
95 14 -0.25E-03
95 95 0.2025E-01
95 302 -0.1E-01
95 303 -0.1E-01
96 14 -0.625E-03
96 96 0.106250000020077E-01
96 97 -0.707106781187546E+00
96 304 0.707106781185539E+00
96 305 -0.1E-01
97 96 -0.100386635011491E-11
97 97 0.72753487160338E+00
97 304 -0.716534871602376E+00
97 306 -0.1E-01
98 14 -0.769230769230769E-02
98 98 0.769230769431543E-02
98 99 -0.707106781187546E+00
98 305 0.707106781185539E+00
99 16 -0.707106781187547E+00
99 98 -0.100386635011491E-11
99 99 0.142364165279093E+01
99 305 -0.716534871602376E+00
100 3 -0.707106781187546E+00
100 4 -0.707106781187546E+00
100 100 0.100000000040155E-01
100 307 0.707106781185539E+00
100 308 0.707106781185539E+00
100 309 -0.1E-01
101 14 -0.25E-03
101 101 0.2025E-01
101 307 -0.1E-01
101 308 -0.1E-01
102 14 -0.625E-03
102 102 0.106250000020077E-01
102 103 -0.707106781187546E+00
102 309 0.707106781185539E+00
102 310 -0.1E-01
103 102 -0.100386635011491E-11
103 103 0.72753487160338E+00
103 309 -0.716534871602376E+00
103 311 -0.1E-01
104 14 -0.769230769230769E-02
104 104 0.769230769431543E-02
104 105 -0.707106781187546E+00
104 310 0.707106781185539E+00
105 25 -0.707106781187547E+00
105 104 -0.100386635011491E-11
105 105 0.142364165279093E+01
105 310 -0.716534871602376E+00
106 3 -0.707106781187546E+00
106 25 -0.707106781187546E+00
106 106 0.100000000040155E-01
106 312 0.707106781185539E+00
106 313 0.707106781185539E+00
106 314 -0.1E-01
107 14 -0.25E-03
107 107 0.2025E-01
107 312 -0.1E-01
107 313 -0.1E-01
108 14 -0.625E-03
108 108 0.106250000020077E-01
108 109 -0.707106781187546E+00
108 314 0.707106781185539E+00
108 315 -0.1E-01
109 108 -0.100386635011491E-11
109 109 0.72753487160338E+00
109 314 -0.716534871602376E+00
109 316 -0.1E-01
110 14 -0.769230769230769E-02
110 110 0.769230769431543E-02
110 111 -0.707106781187546E+00
110 315 0.707106781185539E+00
111 26 -0.707106781187547E+00
111 110 -0.100386635011491E-11
111 111 0.142364165279093E+01
111 315 -0.716534871602376E+00
112 4 -0.707106781187546E+00
112 25 -0.707106781187546E+00
112 112 0.100000000040155E-01
112 317 0.707106781185539E+00
112 318 0.707106781185539E+00
112 319 -0.1E-01
113 14 -0.25E-03
113 113 0.2025E-01
113 317 -0.1E-01
113 318 -0.1E-01
114 14 -0.625E-03
114 114 0.106250000020077E-01
114 115 -0.707106781187546E+00
114 319 0.707106781185539E+00
114 320 -0.1E-01
115 114 -0.100386635011491E-11
115 115 0.72753487160338E+00
115 319 -0.716534871602376E+00
115 321 -0.1E-01
116 14 -0.769230769230769E-02
116 116 0.769230769431543E-02
116 117 -0.707106781187546E+00
116 320 0.707106781185539E+00
117 27 -0.707106781187547E+00
117 116 -0.100386635011491E-11
117 117 0.142364165279093E+01
117 320 -0.716534871602376E+00
118 26 -0.707106781187546E+00
118 27 -0.707106781187546E+00
118 118 0.100000000040155E-01
118 322 0.707106781185539E+00
118 323 0.707106781185539E+00
118 324 -0.1E-01
119 14 -0.25E-03
119 119 0.2025E-01
119 322 -0.1E-01
119 323 -0.1E-01
120 14 -0.625E-03
120 120 0.106250000020077E-01
120 121 -0.707106781187546E+00
120 324 0.707106781185539E+00
120 325 -0.1E-01
121 120 -0.100386635011491E-11
121 121 0.72753487160338E+00
121 324 -0.716534871602376E+00
121 326 -0.1E-01
122 14 -0.769230769230769E-02
122 122 0.769230769431543E-02
122 123 -0.707106781187546E+00
122 325 0.707106781185539E+00
123 28 -0.707106781187547E+00
123 122 -0.100386635011491E-11
123 123 0.142364165279093E+01
123 325 -0.716534871602376E+00
124 16 -0.707106781187546E+00
124 28 -0.707106781187546E+00
124 124 0.100000000040155E-01
124 327 0.707106781185539E+00
124 328 0.707106781185539E+00
124 329 -0.1E-01
125 14 -0.25E-03
125 125 0.2025E-01
125 327 -0.1E-01
125 328 -0.1E-01
126 14 -0.625E-03
126 126 0.106250000020077E-01
126 127 -0.707106781187546E+00
126 329 0.707106781185539E+00
126 330 -0.1E-01
127 126 -0.100386635011491E-11
127 127 0.72753487160338E+00
127 329 -0.716534871602376E+00
127 331 -0.1E-01
128 14 -0.769230769230769E-02
128 128 0.769230769431543E-02
128 129 -0.707106781187546E+00
128 330 0.707106781185539E+00
129 29 -0.707106781187547E+00
129 128 -0.100386635011491E-11
129 129 0.142364165279093E+01
129 330 -0.716534871602376E+00
130 16 -0.707106781187546E+00
130 29 -0.707106781187546E+00
130 130 0.100000000040155E-01
130 332 0.707106781185539E+00
130 333 0.707106781185539E+00
130 334 -0.1E-01
131 14 -0.25E-03
131 131 0.2025E-01
131 332 -0.1E-01
131 333 -0.1E-01
132 14 -0.625E-03
132 132 0.106250000020077E-01
132 133 -0.707106781187546E+00
132 334 0.707106781185539E+00
132 335 -0.1E-01
133 132 -0.100386635011491E-11
133 133 0.72753487160338E+00
133 334 -0.716534871602376E+00
133 336 -0.1E-01
134 14 -0.769230769230769E-02
134 134 0.769230769431543E-02
134 135 -0.707106781187546E+00
134 335 0.707106781185539E+00
135 30 -0.707106781187547E+00
135 134 -0.100386635011491E-11
135 135 0.142364165279093E+01
135 335 -0.716534871602376E+00
136 28 -0.707106781187546E+00
136 29 -0.707106781187546E+00
136 136 0.100000000040155E-01
136 337 0.707106781185539E+00
136 338 0.707106781185539E+00
136 339 -0.1E-01
137 14 -0.25E-03
137 137 0.2025E-01
137 337 -0.1E-01
137 338 -0.1E-01
138 14 -0.625E-03
138 138 0.106250000020077E-01
138 139 -0.707106781187546E+00
138 339 0.707106781185539E+00
138 340 -0.1E-01
139 138 -0.100386635011491E-11
139 139 0.72753487160338E+00
139 339 -0.716534871602376E+00
139 341 -0.1E-01
140 14 -0.769230769230769E-02
140 140 0.769230769431543E-02
140 141 -0.707106781187546E+00
140 340 0.707106781185539E+00
141 31 -0.707106781187547E+00
141 140 -0.100386635011491E-11
141 141 0.142364165279093E+01
141 340 -0.716534871602376E+00
142 30 -0.707106781187546E+00
142 31 -0.707106781187546E+00
142 142 0.100000000040155E-01
142 342 0.707106781185539E+00
142 343 0.707106781185539E+00
142 344 -0.1E-01
143 14 -0.25E-03
143 143 0.2025E-01
143 342 -0.1E-01
143 343 -0.1E-01
144 14 -0.625E-03
144 144 0.106250000020077E-01
144 145 -0.707106781187546E+00
144 344 0.707106781185539E+00
144 345 -0.1E-01
145 144 -0.100386635011491E-11
145 145 0.72753487160338E+00
145 344 -0.716534871602376E+00
145 346 -0.1E-01
146 14 -0.769230769230769E-02
146 146 0.769230769431543E-02
146 147 -0.707106781187546E+00
146 345 0.707106781185539E+00
147 10 -0.707106781187547E+00
147 146 -0.100386635011491E-11
147 147 0.142364165279093E+01
147 345 -0.716534871602376E+00
148 25 -0.707106781187546E+00
148 29 -0.707106781187546E+00
148 148 0.100000000040155E-01
148 347 0.707106781185539E+00
148 348 0.707106781185539E+00
148 349 -0.1E-01
149 14 -0.25E-03
149 149 0.2025E-01
149 347 -0.1E-01
149 348 -0.1E-01
150 14 -0.625E-03
150 150 0.106250000020077E-01
150 151 -0.707106781187546E+00
150 349 0.707106781185539E+00
150 350 -0.1E-01
151 150 -0.100386635011491E-11
151 151 0.72753487160338E+00
151 349 -0.716534871602376E+00
151 351 -0.1E-01
152 14 -0.769230769230769E-02
152 152 0.769230769431543E-02
152 153 -0.707106781187546E+00
152 350 0.707106781185539E+00
153 15 -0.707106781187547E+00
153 152 -0.100386635011491E-11
153 153 0.142364165279093E+01
153 350 -0.716534871602376E+00
154 5 -0.707106781187546E+00
154 6 -0.707106781187546E+00
154 154 0.100000000040155E-01
154 352 0.707106781185539E+00
154 353 0.707106781185539E+00
154 354 -0.1E-01
155 14 -0.25E-03
155 155 0.2025E-01
155 352 -0.1E-01
155 353 -0.1E-01
156 14 -0.625E-03
156 156 0.106250000020077E-01
156 157 -0.707106781187546E+00
156 354 0.707106781185539E+00
156 355 -0.1E-01
157 156 -0.100386635011491E-11
157 157 0.72753487160338E+00
157 354 -0.716534871602376E+00
157 356 -0.1E-01
158 14 -0.769230769230769E-02
158 158 0.769230769431543E-02
158 159 -0.707106781187546E+00
158 355 0.707106781185539E+00
159 32 -0.707106781187547E+00
159 158 -0.100386635011491E-11
159 159 0.142364165279093E+01
159 355 -0.716534871602376E+00
160 5 -0.707106781187546E+00
160 32 -0.707106781187546E+00
160 160 0.100000000040155E-01
160 357 0.707106781185539E+00
160 358 0.707106781185539E+00
160 359 -0.1E-01
161 14 -0.25E-03
161 161 0.2025E-01
161 357 -0.1E-01
161 358 -0.1E-01
162 14 -0.625E-03
162 162 0.106250000020077E-01
162 163 -0.707106781187546E+00
162 359 0.707106781185539E+00
162 360 -0.1E-01
163 162 -0.100386635011491E-11
163 163 0.72753487160338E+00
163 359 -0.716534871602376E+00
163 361 -0.1E-01
164 14 -0.769230769230769E-02
164 164 0.769230769431543E-02
164 165 -0.707106781187546E+00
164 360 0.707106781185539E+00
165 33 -0.707106781187547E+00
165 164 -0.100386635011491E-11
165 165 0.142364165279093E+01
165 360 -0.716534871602376E+00
166 6 -0.707106781187546E+00
166 32 -0.707106781187546E+00
166 166 0.100000000040155E-01
166 362 0.707106781185539E+00
166 363 0.707106781185539E+00
166 364 -0.1E-01
167 14 -0.25E-03
167 167 0.2025E-01
167 362 -0.1E-01
167 363 -0.1E-01
168 14 -0.625E-03
168 168 0.106250000020077E-01
168 169 -0.707106781187546E+00
168 364 0.707106781185539E+00
168 365 -0.1E-01
169 168 -0.100386635011491E-11
169 169 0.72753487160338E+00
169 364 -0.716534871602376E+00
169 366 -0.1E-01
170 14 -0.769230769230769E-02
170 170 0.769230769431543E-02
170 171 -0.707106781187546E+00
170 365 0.707106781185539E+00
171 34 -0.707106781187547E+00
171 170 -0.100386635011491E-11
171 171 0.142364165279093E+01
171 365 -0.716534871602376E+00
172 33 -0.707106781187546E+00
172 34 -0.707106781187546E+00
172 172 0.100000000040155E-01
172 367 0.707106781185539E+00
172 368 0.707106781185539E+00
172 369 -0.1E-01
173 14 -0.25E-03
173 173 0.2025E-01
173 367 -0.1E-01
173 368 -0.1E-01
174 14 -0.625E-03
174 174 0.106250000020077E-01
174 175 -0.707106781187546E+00
174 369 0.707106781185539E+00
174 370 -0.1E-01
175 174 -0.100386635011491E-11
175 175 0.72753487160338E+00
175 369 -0.716534871602376E+00
175 371 -0.1E-01
176 14 -0.769230769230769E-02
176 176 0.769230769431543E-02
176 177 -0.707106781187546E+00
176 370 0.707106781185539E+00
177 35 -0.707106781187547E+00
177 176 -0.100386635011491E-11
177 177 0.142364165279093E+01
177 370 -0.716534871602376E+00
178 15 -0.707106781187546E+00
178 35 -0.707106781187546E+00
178 178 0.100000000040155E-01
178 372 0.707106781185539E+00
178 373 0.707106781185539E+00
178 374 -0.1E-01
179 14 -0.25E-03
179 179 0.2025E-01
179 372 -0.1E-01
179 373 -0.1E-01
180 14 -0.625E-03
180 180 0.106250000020077E-01
180 181 -0.707106781187546E+00
180 374 0.707106781185539E+00
180 375 -0.1E-01
181 180 -0.100386635011491E-11
181 181 0.72753487160338E+00
181 374 -0.716534871602376E+00
181 376 -0.1E-01
182 14 -0.769230769230769E-02
182 182 0.769230769431543E-02
182 183 -0.707106781187546E+00
182 375 0.707106781185539E+00
183 36 -0.707106781187547E+00
183 182 -0.100386635011491E-11
183 183 0.142364165279093E+01
183 375 -0.716534871602376E+00
184 15 -0.707106781187546E+00
184 36 -0.707106781187546E+00
184 184 0.100000000040155E-01
184 377 0.707106781185539E+00
184 378 0.707106781185539E+00
184 379 -0.1E-01
185 14 -0.25E-03
185 185 0.2025E-01
185 377 -0.1E-01
185 378 -0.1E-01
186 14 -0.625E-03
186 186 0.106250000020077E-01
186 187 -0.707106781187546E+00
186 379 0.707106781185539E+00
186 380 -0.1E-01
187 186 -0.100386635011491E-11
187 187 0.72753487160338E+00
187 379 -0.716534871602376E+00
187 381 -0.1E-01
188 14 -0.769230769230769E-02
188 188 0.769230769431543E-02
188 189 -0.707106781187546E+00
188 380 0.707106781185539E+00
189 37 -0.707106781187547E+00
189 188 -0.100386635011491E-11
189 189 0.142364165279093E+01
189 380 -0.716534871602376E+00
190 35 -0.707106781187546E+00
190 36 -0.707106781187546E+00
190 190 0.100000000040155E-01
190 382 0.707106781185539E+00
190 383 0.707106781185539E+00
190 384 -0.1E-01
191 14 -0.25E-03
191 191 0.2025E-01
191 382 -0.1E-01
191 383 -0.1E-01
192 14 -0.625E-03
192 192 0.106250000020077E-01
192 193 -0.707106781187546E+00
192 384 0.707106781185539E+00
192 385 -0.1E-01
193 192 -0.100386635011491E-11
193 193 0.72753487160338E+00
193 384 -0.716534871602376E+00
193 386 -0.1E-01
194 14 -0.769230769230769E-02
194 194 0.769230769431543E-02
194 195 -0.707106781187546E+00
194 385 0.707106781185539E+00
195 38 -0.707106781187547E+00
195 194 -0.100386635011491E-11
195 195 0.142364165279093E+01
195 385 -0.716534871602376E+00
196 37 -0.707106781187546E+00
196 38 -0.707106781187546E+00
196 196 0.100000000040155E-01
196 387 0.707106781185539E+00
196 388 0.707106781185539E+00
196 389 -0.1E-01
197 14 -0.25E-03
197 197 0.2025E-01
197 387 -0.1E-01
197 388 -0.1E-01
198 14 -0.625E-03
198 198 0.106250000020077E-01
198 199 -0.707106781187546E+00
198 389 0.707106781185539E+00
198 390 -0.1E-01
199 198 -0.100386635011491E-11
199 199 0.72753487160338E+00
199 389 -0.716534871602376E+00
199 391 -0.1E-01
200 14 -0.769230769230769E-02
200 200 0.769230769431543E-02
200 201 -0.707106781187546E+00
200 390 0.707106781185539E+00
201 11 -0.707106781187547E+00
201 200 -0.100386635011491E-11
201 201 0.142364165279093E+01
201 390 -0.716534871602376E+00
202 32 -0.707106781187546E+00
202 36 -0.707106781187546E+00
202 202 0.100000000040155E-01
202 392 0.707106781185539E+00
202 393 0.707106781185539E+00
202 394 -0.1E-01
203 14 -0.25E-03
203 203 0.2025E-01
203 392 -0.1E-01
203 393 -0.1E-01
204 14 -0.625E-03
204 204 0.106250000020077E-01
204 205 -0.707106781187546E+00
204 394 0.707106781185539E+00
204 395 -0.1E-01
205 204 -0.100386635011491E-11
205 205 0.72753487160338E+00
205 394 -0.716534871602376E+00
205 396 -0.1E-01
206 14 -0.769230769230769E-02
206 206 0.769230769431543E-02
206 207 -0.707106781187546E+00
206 395 0.707106781185539E+00
207 17 -0.707106781187547E+00
207 206 -0.100386635011491E-11
207 207 0.142364165279093E+01
207 395 -0.716534871602376E+00
208 7 -0.707106781187546E+00
208 8 -0.707106781187546E+00
208 208 0.100000000040155E-01
208 397 0.707106781185539E+00
208 398 0.707106781185539E+00
208 399 -0.1E-01
209 14 -0.25E-03
209 209 0.2025E-01
209 397 -0.1E-01
209 398 -0.1E-01
210 14 -0.625E-03
210 210 0.106250000020077E-01
210 211 -0.707106781187546E+00
210 399 0.707106781185539E+00
210 400 -0.1E-01
211 210 -0.100386635011491E-11
211 211 0.72753487160338E+00
211 399 -0.716534871602376E+00
211 401 -0.1E-01
212 14 -0.769230769230769E-02
212 212 0.769230769431543E-02
212 213 -0.707106781187546E+00
212 400 0.707106781185539E+00
213 39 -0.707106781187547E+00
213 212 -0.100386635011491E-11
213 213 0.142364165279093E+01
213 400 -0.716534871602376E+00
214 7 -0.707106781187546E+00
214 39 -0.707106781187546E+00
214 214 0.100000000040155E-01
214 402 0.707106781185539E+00
214 403 0.707106781185539E+00
214 404 -0.1E-01
215 14 -0.25E-03
215 215 0.2025E-01
215 402 -0.1E-01
215 403 -0.1E-01
216 14 -0.625E-03
216 216 0.106250000020077E-01
216 217 -0.707106781187546E+00
216 404 0.707106781185539E+00
216 405 -0.1E-01
217 216 -0.100386635011491E-11
217 217 0.72753487160338E+00
217 404 -0.716534871602376E+00
217 406 -0.1E-01
218 14 -0.769230769230769E-02
218 218 0.769230769431543E-02
218 219 -0.707106781187546E+00
218 405 0.707106781185539E+00
219 40 -0.707106781187547E+00
219 218 -0.100386635011491E-11
219 219 0.142364165279093E+01
219 405 -0.716534871602376E+00
220 8 -0.707106781187546E+00
220 39 -0.707106781187546E+00
220 220 0.100000000040155E-01
220 407 0.707106781185539E+00
220 408 0.707106781185539E+00
220 409 -0.1E-01
221 14 -0.25E-03
221 221 0.2025E-01
221 407 -0.1E-01
221 408 -0.1E-01
222 14 -0.625E-03
222 222 0.106250000020077E-01
222 223 -0.707106781187546E+00
222 409 0.707106781185539E+00
222 410 -0.1E-01
223 222 -0.100386635011491E-11
223 223 0.72753487160338E+00
223 409 -0.716534871602376E+00
223 411 -0.1E-01
224 14 -0.769230769230769E-02
224 224 0.769230769431543E-02
224 225 -0.707106781187546E+00
224 410 0.707106781185539E+00
225 41 -0.707106781187547E+00
225 224 -0.100386635011491E-11
225 225 0.142364165279093E+01
225 410 -0.716534871602376E+00
226 40 -0.707106781187546E+00
226 41 -0.707106781187546E+00
226 226 0.100000000040155E-01
226 412 0.707106781185539E+00
226 413 0.707106781185539E+00
226 414 -0.1E-01
227 14 -0.25E-03
227 227 0.2025E-01
227 412 -0.1E-01
227 413 -0.1E-01
228 14 -0.625E-03
228 228 0.106250000020077E-01
228 229 -0.707106781187546E+00
228 414 0.707106781185539E+00
228 415 -0.1E-01
229 228 -0.100386635011491E-11
229 229 0.72753487160338E+00
229 414 -0.716534871602376E+00
229 416 -0.1E-01
230 14 -0.769230769230769E-02
230 230 0.769230769431543E-02
230 231 -0.707106781187546E+00
230 415 0.707106781185539E+00
231 42 -0.707106781187547E+00
231 230 -0.100386635011491E-11
231 231 0.142364165279093E+01
231 415 -0.716534871602376E+00
232 17 -0.707106781187546E+00
232 42 -0.707106781187546E+00
232 232 0.100000000040155E-01
232 417 0.707106781185539E+00
232 418 0.707106781185539E+00
232 419 -0.1E-01
233 14 -0.25E-03
233 233 0.2025E-01
233 417 -0.1E-01
233 418 -0.1E-01
234 14 -0.625E-03
234 234 0.106250000020077E-01
234 235 -0.707106781187546E+00
234 419 0.707106781185539E+00
234 420 -0.1E-01
235 234 -0.100386635011491E-11
235 235 0.72753487160338E+00
235 419 -0.716534871602376E+00
235 421 -0.1E-01
236 14 -0.769230769230769E-02
236 236 0.769230769431543E-02
236 237 -0.707106781187546E+00
236 420 0.707106781185539E+00
237 43 -0.707106781187547E+00
237 236 -0.100386635011491E-11
237 237 0.142364165279093E+01
237 420 -0.716534871602376E+00
238 17 -0.707106781187546E+00
238 43 -0.707106781187546E+00
238 238 0.100000000040155E-01
238 422 0.707106781185539E+00
238 423 0.707106781185539E+00
238 424 -0.1E-01
239 14 -0.25E-03
239 239 0.2025E-01
239 422 -0.1E-01
239 423 -0.1E-01
240 14 -0.625E-03
240 240 0.106250000020077E-01
240 241 -0.707106781187546E+00
240 424 0.707106781185539E+00
240 425 -0.1E-01
241 240 -0.100386635011491E-11
241 241 0.72753487160338E+00
241 424 -0.716534871602376E+00
241 426 -0.1E-01
242 14 -0.769230769230769E-02
242 242 0.769230769431543E-02
242 243 -0.707106781187546E+00
242 425 0.707106781185539E+00
243 44 -0.707106781187547E+00
243 242 -0.100386635011491E-11
243 243 0.142364165279093E+01
243 425 -0.716534871602376E+00
244 42 -0.707106781187546E+00
244 43 -0.707106781187546E+00
244 244 0.100000000040155E-01
244 427 0.707106781185539E+00
244 428 0.707106781185539E+00
244 429 -0.1E-01
245 14 -0.25E-03
245 245 0.2025E-01
245 427 -0.1E-01
245 428 -0.1E-01
246 14 -0.625E-03
246 246 0.106250000020077E-01
246 247 -0.707106781187546E+00
246 429 0.707106781185539E+00
246 430 -0.1E-01
247 246 -0.100386635011491E-11
247 247 0.72753487160338E+00
247 429 -0.716534871602376E+00
247 431 -0.1E-01
248 14 -0.769230769230769E-02
248 248 0.769230769431543E-02
248 249 -0.707106781187546E+00
248 430 0.707106781185539E+00
249 45 -0.707106781187547E+00
249 248 -0.100386635011491E-11
249 249 0.142364165279093E+01
249 430 -0.716534871602376E+00
250 44 -0.707106781187546E+00
250 45 -0.707106781187546E+00
250 250 0.100000000040155E-01
250 432 0.707106781185539E+00
250 433 0.707106781185539E+00
250 434 -0.1E-01
251 14 -0.25E-03
251 251 0.2025E-01
251 432 -0.1E-01
251 433 -0.1E-01
252 14 -0.625E-03
252 252 0.106250000020077E-01
252 253 -0.707106781187546E+00
252 434 0.707106781185539E+00
252 435 -0.1E-01
253 252 -0.100386635011491E-11
253 253 0.72753487160338E+00
253 434 -0.716534871602376E+00
253 436 -0.1E-01
254 14 -0.769230769230769E-02
254 254 0.769230769431543E-02
254 255 -0.707106781187546E+00
254 435 0.707106781185539E+00
255 12 -0.707106781187547E+00
255 254 -0.100386635011491E-11
255 255 0.142364165279093E+01
255 435 -0.716534871602376E+00
256 39 -0.707106781187546E+00
256 43 -0.707106781187546E+00
256 256 0.100000000040155E-01
256 437 0.707106781185539E+00
256 438 0.707106781185539E+00
256 439 -0.1E-01
257 14 -0.25E-03
257 257 0.2025E-01
257 437 -0.1E-01
257 438 -0.1E-01
258 14 -0.625E-03
258 258 0.106250000020077E-01
258 259 -0.707106781187546E+00
258 439 0.707106781185539E+00
258 440 -0.1E-01
259 258 -0.100386635011491E-11
259 259 0.72753487160338E+00
259 439 -0.716534871602376E+00
259 441 -0.1E-01
260 14 -0.769230769230769E-02
260 260 0.769230769431543E-02
260 261 -0.707106781187546E+00
260 440 0.707106781185539E+00
261 13 -0.707106781187547E+00
261 260 -0.100386635011491E-11
261 261 0.142364165279093E+01
261 440 -0.716534871602376E+00
262 1 -0.942809041583395E-02
262 46 -0.100386635011491E-11
262 47 -0.1E-01
262 262 0.194280904168378E-01
263 2 -0.942809041583395E-02
263 46 -0.100386635011491E-11
263 47 -0.1E-01
263 263 0.194280904168378E-01
264 46 -0.1E-01
264 48 -0.100386635011491E-11
264 49 -0.942809041583395E-02
264 264 0.194280904168378E-01
265 48 -0.1E-01
265 50 -0.100386635011491E-11
265 51 -0.942809041583395E-02
265 265 0.194280904168378E-01
266 18 -0.100386635011491E-11
266 49 -0.1E-01
266 266 0.194280904168378E-01
267 1 -0.942809041583395E-02
267 52 -0.100386635011491E-11
267 53 -0.1E-01
267 267 0.194280904168378E-01
268 18 -0.942809041583395E-02
268 52 -0.100386635011491E-11
268 53 -0.1E-01
268 268 0.194280904168378E-01
269 52 -0.1E-01
269 54 -0.100386635011491E-11
269 55 -0.942809041583395E-02
269 269 0.194280904168378E-01
270 54 -0.1E-01
270 56 -0.100386635011491E-11
270 57 -0.942809041583395E-02
270 270 0.194280904168378E-01
271 19 -0.100386635011491E-11
271 55 -0.1E-01
271 271 0.194280904168378E-01
272 2 -0.942809041583395E-02
272 58 -0.100386635011491E-11
272 59 -0.1E-01
272 272 0.194280904168378E-01
273 18 -0.942809041583395E-02
273 58 -0.100386635011491E-11
273 59 -0.1E-01
273 273 0.194280904168378E-01
274 58 -0.1E-01
274 60 -0.100386635011491E-11
274 61 -0.942809041583395E-02
274 274 0.194280904168378E-01
275 60 -0.1E-01
275 62 -0.100386635011491E-11
275 63 -0.942809041583395E-02
275 275 0.194280904168378E-01
276 20 -0.100386635011491E-11
276 61 -0.1E-01
276 276 0.194280904168378E-01
277 19 -0.942809041583395E-02
277 64 -0.100386635011491E-11
277 65 -0.1E-01
277 277 0.194280904168378E-01
278 20 -0.942809041583395E-02
278 64 -0.100386635011491E-11
278 65 -0.1E-01
278 278 0.194280904168378E-01
279 64 -0.1E-01
279 66 -0.100386635011491E-11
279 67 -0.942809041583395E-02
279 279 0.194280904168378E-01
280 66 -0.1E-01
280 68 -0.100386635011491E-11
280 69 -0.942809041583395E-02
280 280 0.194280904168378E-01
281 21 -0.100386635011491E-11
281 67 -0.1E-01
281 281 0.194280904168378E-01
282 70 -0.100386635011491E-11
282 71 -0.1E-01
282 282 0.194280904168378E-01
283 21 -0.942809041583395E-02
283 70 -0.100386635011491E-11
283 71 -0.1E-01
283 283 0.194280904168378E-01
284 70 -0.1E-01
284 72 -0.100386635011491E-11
284 73 -0.942809041583395E-02
284 284 0.194280904168378E-01
285 72 -0.1E-01
285 74 -0.100386635011491E-11
285 75 -0.942809041583395E-02
285 285 0.194280904168378E-01
286 22 -0.100386635011491E-11
286 73 -0.1E-01
286 286 0.194280904168378E-01
287 76 -0.100386635011491E-11
287 77 -0.1E-01
287 287 0.194280904168378E-01
288 22 -0.942809041583395E-02
288 76 -0.100386635011491E-11
288 77 -0.1E-01
288 288 0.194280904168378E-01
289 76 -0.1E-01
289 78 -0.100386635011491E-11
289 79 -0.942809041583395E-02
289 289 0.194280904168378E-01
290 78 -0.1E-01
290 80 -0.100386635011491E-11
290 81 -0.942809041583395E-02
290 290 0.194280904168378E-01
291 23 -0.100386635011491E-11
291 79 -0.1E-01
291 291 0.194280904168378E-01
292 21 -0.942809041583395E-02
292 82 -0.100386635011491E-11
292 83 -0.1E-01
292 292 0.194280904168378E-01
293 22 -0.942809041583395E-02
293 82 -0.100386635011491E-11
293 83 -0.1E-01
293 293 0.194280904168378E-01
294 82 -0.1E-01
294 84 -0.100386635011491E-11
294 85 -0.942809041583395E-02
294 294 0.194280904168378E-01
295 84 -0.1E-01
295 86 -0.100386635011491E-11
295 87 -0.942809041583395E-02
295 295 0.194280904168378E-01
296 24 -0.100386635011491E-11
296 85 -0.1E-01
296 296 0.194280904168378E-01
297 23 -0.942809041583395E-02
297 88 -0.100386635011491E-11
297 89 -0.1E-01
297 297 0.194280904168378E-01
298 24 -0.942809041583395E-02
298 88 -0.100386635011491E-11
298 89 -0.1E-01
298 298 0.194280904168378E-01
299 88 -0.1E-01
299 90 -0.100386635011491E-11
299 91 -0.942809041583395E-02
299 299 0.194280904168378E-01
300 90 -0.1E-01
300 92 -0.100386635011491E-11
300 93 -0.942809041583395E-02
300 300 0.194280904168378E-01
301 9 -0.100386635011491E-11
301 91 -0.1E-01
301 301 0.194280904168378E-01
302 22 -0.942809041583395E-02
302 94 -0.100386635011491E-11
302 95 -0.1E-01
302 302 0.194280904168378E-01
303 18 -0.942809041583395E-02
303 94 -0.100386635011491E-11
303 95 -0.1E-01
303 303 0.194280904168378E-01
304 94 -0.1E-01
304 96 -0.100386635011491E-11
304 97 -0.942809041583395E-02
304 304 0.194280904168378E-01
305 96 -0.1E-01
305 98 -0.100386635011491E-11
305 99 -0.942809041583395E-02
305 305 0.194280904168378E-01
306 16 -0.100386635011491E-11
306 97 -0.1E-01
306 306 0.194280904168378E-01
307 3 -0.942809041583395E-02
307 100 -0.100386635011491E-11
307 101 -0.1E-01
307 307 0.194280904168378E-01
308 4 -0.942809041583395E-02
308 100 -0.100386635011491E-11
308 101 -0.1E-01
308 308 0.194280904168378E-01
309 100 -0.1E-01
309 102 -0.100386635011491E-11
309 103 -0.942809041583395E-02
309 309 0.194280904168378E-01
310 102 -0.1E-01
310 104 -0.100386635011491E-11
310 105 -0.942809041583395E-02
310 310 0.194280904168378E-01
311 25 -0.100386635011491E-11
311 103 -0.1E-01
311 311 0.194280904168378E-01
312 3 -0.942809041583395E-02
312 106 -0.100386635011491E-11
312 107 -0.1E-01
312 312 0.194280904168378E-01
313 25 -0.942809041583395E-02
313 106 -0.100386635011491E-11
313 107 -0.1E-01
313 313 0.194280904168378E-01
314 106 -0.1E-01
314 108 -0.100386635011491E-11
314 109 -0.942809041583395E-02
314 314 0.194280904168378E-01
315 108 -0.1E-01
315 110 -0.100386635011491E-11
315 111 -0.942809041583395E-02
315 315 0.194280904168378E-01
316 26 -0.100386635011491E-11
316 109 -0.1E-01
316 316 0.194280904168378E-01
317 4 -0.942809041583395E-02
317 112 -0.100386635011491E-11
317 113 -0.1E-01
317 317 0.194280904168378E-01
318 25 -0.942809041583395E-02
318 112 -0.100386635011491E-11
318 113 -0.1E-01
318 318 0.194280904168378E-01
319 112 -0.1E-01
319 114 -0.100386635011491E-11
319 115 -0.942809041583395E-02
319 319 0.194280904168378E-01
320 114 -0.1E-01
320 116 -0.100386635011491E-11
320 117 -0.942809041583395E-02
320 320 0.194280904168378E-01
321 27 -0.100386635011491E-11
321 115 -0.1E-01
321 321 0.194280904168378E-01
322 26 -0.942809041583395E-02
322 118 -0.100386635011491E-11
322 119 -0.1E-01
322 322 0.194280904168378E-01
323 27 -0.942809041583395E-02
323 118 -0.100386635011491E-11
323 119 -0.1E-01
323 323 0.194280904168378E-01
324 118 -0.1E-01
324 120 -0.100386635011491E-11
324 121 -0.942809041583395E-02
324 324 0.194280904168378E-01
325 120 -0.1E-01
325 122 -0.100386635011491E-11
325 123 -0.942809041583395E-02
325 325 0.194280904168378E-01
326 28 -0.100386635011491E-11
326 121 -0.1E-01
326 326 0.194280904168378E-01
327 16 -0.942809041583395E-02
327 124 -0.100386635011491E-11
327 125 -0.1E-01
327 327 0.194280904168378E-01
328 28 -0.942809041583395E-02
328 124 -0.100386635011491E-11
328 125 -0.1E-01
328 328 0.194280904168378E-01
329 124 -0.1E-01
329 126 -0.100386635011491E-11
329 127 -0.942809041583395E-02
329 329 0.194280904168378E-01
330 126 -0.1E-01
330 128 -0.100386635011491E-11
330 129 -0.942809041583395E-02
330 330 0.194280904168378E-01
331 29 -0.100386635011491E-11
331 127 -0.1E-01
331 331 0.194280904168378E-01
332 16 -0.942809041583395E-02
332 130 -0.100386635011491E-11
332 131 -0.1E-01
332 332 0.194280904168378E-01
333 29 -0.942809041583395E-02
333 130 -0.100386635011491E-11
333 131 -0.1E-01
333 333 0.194280904168378E-01
334 130 -0.1E-01
334 132 -0.100386635011491E-11
334 133 -0.942809041583395E-02
334 334 0.194280904168378E-01
335 132 -0.1E-01
335 134 -0.100386635011491E-11
335 135 -0.942809041583395E-02
335 335 0.194280904168378E-01
336 30 -0.100386635011491E-11
336 133 -0.1E-01
336 336 0.194280904168378E-01
337 28 -0.942809041583395E-02
337 136 -0.100386635011491E-11
337 137 -0.1E-01
337 337 0.194280904168378E-01
338 29 -0.942809041583395E-02
338 136 -0.100386635011491E-11
338 137 -0.1E-01
338 338 0.194280904168378E-01
339 136 -0.1E-01
339 138 -0.100386635011491E-11
339 139 -0.942809041583395E-02
339 339 0.194280904168378E-01
340 138 -0.1E-01
340 140 -0.100386635011491E-11
340 141 -0.942809041583395E-02
340 340 0.194280904168378E-01
341 31 -0.100386635011491E-11
341 139 -0.1E-01
341 341 0.194280904168378E-01
342 30 -0.942809041583395E-02
342 142 -0.100386635011491E-11
342 143 -0.1E-01
342 342 0.194280904168378E-01
343 31 -0.942809041583395E-02
343 142 -0.100386635011491E-11
343 143 -0.1E-01
343 343 0.194280904168378E-01
344 142 -0.1E-01
344 144 -0.100386635011491E-11
344 145 -0.942809041583395E-02
344 344 0.194280904168378E-01
345 144 -0.1E-01
345 146 -0.100386635011491E-11
345 147 -0.942809041583395E-02
345 345 0.194280904168378E-01
346 10 -0.100386635011491E-11
346 145 -0.1E-01
346 346 0.194280904168378E-01
347 29 -0.942809041583395E-02
347 148 -0.100386635011491E-11
347 149 -0.1E-01
347 347 0.194280904168378E-01
348 25 -0.942809041583395E-02
348 148 -0.100386635011491E-11
348 149 -0.1E-01
348 348 0.194280904168378E-01
349 148 -0.1E-01
349 150 -0.100386635011491E-11
349 151 -0.942809041583395E-02
349 349 0.194280904168378E-01
350 150 -0.1E-01
350 152 -0.100386635011491E-11
350 153 -0.942809041583395E-02
350 350 0.194280904168378E-01
351 15 -0.100386635011491E-11
351 151 -0.1E-01
351 351 0.194280904168378E-01
352 5 -0.942809041583395E-02
352 154 -0.100386635011491E-11
352 155 -0.1E-01
352 352 0.194280904168378E-01
353 6 -0.942809041583395E-02
353 154 -0.100386635011491E-11
353 155 -0.1E-01
353 353 0.194280904168378E-01
354 154 -0.1E-01
354 156 -0.100386635011491E-11
354 157 -0.942809041583395E-02
354 354 0.194280904168378E-01
355 156 -0.1E-01
355 158 -0.100386635011491E-11
355 159 -0.942809041583395E-02
355 355 0.194280904168378E-01
356 32 -0.100386635011491E-11
356 157 -0.1E-01
356 356 0.194280904168378E-01
357 5 -0.942809041583395E-02
357 160 -0.100386635011491E-11
357 161 -0.1E-01
357 357 0.194280904168378E-01
358 32 -0.942809041583395E-02
358 160 -0.100386635011491E-11
358 161 -0.1E-01
358 358 0.194280904168378E-01
359 160 -0.1E-01
359 162 -0.100386635011491E-11
359 163 -0.942809041583395E-02
359 359 0.194280904168378E-01
360 162 -0.1E-01
360 164 -0.100386635011491E-11
360 165 -0.942809041583395E-02
360 360 0.194280904168378E-01
361 33 -0.100386635011491E-11
361 163 -0.1E-01
361 361 0.194280904168378E-01
362 6 -0.942809041583395E-02
362 166 -0.100386635011491E-11
362 167 -0.1E-01
362 362 0.194280904168378E-01
363 32 -0.942809041583395E-02
363 166 -0.100386635011491E-11
363 167 -0.1E-01
363 363 0.194280904168378E-01
364 166 -0.1E-01
364 168 -0.100386635011491E-11
364 169 -0.942809041583395E-02
364 364 0.194280904168378E-01
365 168 -0.1E-01
365 170 -0.100386635011491E-11
365 171 -0.942809041583395E-02
365 365 0.194280904168378E-01
366 34 -0.100386635011491E-11
366 169 -0.1E-01
366 366 0.194280904168378E-01
367 33 -0.942809041583395E-02
367 172 -0.100386635011491E-11
367 173 -0.1E-01
367 367 0.194280904168378E-01
368 34 -0.942809041583395E-02
368 172 -0.100386635011491E-11
368 173 -0.1E-01
368 368 0.194280904168378E-01
369 172 -0.1E-01
369 174 -0.100386635011491E-11
369 175 -0.942809041583395E-02
369 369 0.194280904168378E-01
370 174 -0.1E-01
370 176 -0.100386635011491E-11
370 177 -0.942809041583395E-02
370 370 0.194280904168378E-01
371 35 -0.100386635011491E-11
371 175 -0.1E-01
371 371 0.194280904168378E-01
372 15 -0.942809041583395E-02
372 178 -0.100386635011491E-11
372 179 -0.1E-01
372 372 0.194280904168378E-01
373 35 -0.942809041583395E-02
373 178 -0.100386635011491E-11
373 179 -0.1E-01
373 373 0.194280904168378E-01
374 178 -0.1E-01
374 180 -0.100386635011491E-11
374 181 -0.942809041583395E-02
374 374 0.194280904168378E-01
375 180 -0.1E-01
375 182 -0.100386635011491E-11
375 183 -0.942809041583395E-02
375 375 0.194280904168378E-01
376 36 -0.100386635011491E-11
376 181 -0.1E-01
376 376 0.194280904168378E-01
377 15 -0.942809041583395E-02
377 184 -0.100386635011491E-11
377 185 -0.1E-01
377 377 0.194280904168378E-01
378 36 -0.942809041583395E-02
378 184 -0.100386635011491E-11
378 185 -0.1E-01
378 378 0.194280904168378E-01
379 184 -0.1E-01
379 186 -0.100386635011491E-11
379 187 -0.942809041583395E-02
379 379 0.194280904168378E-01
380 186 -0.1E-01
380 188 -0.100386635011491E-11
380 189 -0.942809041583395E-02
380 380 0.194280904168378E-01
381 37 -0.100386635011491E-11
381 187 -0.1E-01
381 381 0.194280904168378E-01
382 35 -0.942809041583395E-02
382 190 -0.100386635011491E-11
382 191 -0.1E-01
382 382 0.194280904168378E-01
383 36 -0.942809041583395E-02
383 190 -0.100386635011491E-11
383 191 -0.1E-01
383 383 0.194280904168378E-01
384 190 -0.1E-01
384 192 -0.100386635011491E-11
384 193 -0.942809041583395E-02
384 384 0.194280904168378E-01
385 192 -0.1E-01
385 194 -0.100386635011491E-11
385 195 -0.942809041583395E-02
385 385 0.194280904168378E-01
386 38 -0.100386635011491E-11
386 193 -0.1E-01
386 386 0.194280904168378E-01
387 37 -0.942809041583395E-02
387 196 -0.100386635011491E-11
387 197 -0.1E-01
387 387 0.194280904168378E-01
388 38 -0.942809041583395E-02
388 196 -0.100386635011491E-11
388 197 -0.1E-01
388 388 0.194280904168378E-01
389 196 -0.1E-01
389 198 -0.100386635011491E-11
389 199 -0.942809041583395E-02
389 389 0.194280904168378E-01
390 198 -0.1E-01
390 200 -0.100386635011491E-11
390 201 -0.942809041583395E-02
390 390 0.194280904168378E-01
391 11 -0.100386635011491E-11
391 199 -0.1E-01
391 391 0.194280904168378E-01
392 36 -0.942809041583395E-02
392 202 -0.100386635011491E-11
392 203 -0.1E-01
392 392 0.194280904168378E-01
393 32 -0.942809041583395E-02
393 202 -0.100386635011491E-11
393 203 -0.1E-01
393 393 0.194280904168378E-01
394 202 -0.1E-01
394 204 -0.100386635011491E-11
394 205 -0.942809041583395E-02
394 394 0.194280904168378E-01
395 204 -0.1E-01
395 206 -0.100386635011491E-11
395 207 -0.942809041583395E-02
395 395 0.194280904168378E-01
396 17 -0.100386635011491E-11
396 205 -0.1E-01
396 396 0.194280904168378E-01
397 7 -0.942809041583395E-02
397 208 -0.100386635011491E-11
397 209 -0.1E-01
397 397 0.194280904168378E-01
398 8 -0.942809041583395E-02
398 208 -0.100386635011491E-11
398 209 -0.1E-01
398 398 0.194280904168378E-01
399 208 -0.1E-01
399 210 -0.100386635011491E-11
399 211 -0.942809041583395E-02
399 399 0.194280904168378E-01
400 210 -0.1E-01
400 212 -0.100386635011491E-11
400 213 -0.942809041583395E-02
400 400 0.194280904168378E-01
401 39 -0.100386635011491E-11
401 211 -0.1E-01
401 401 0.194280904168378E-01
402 7 -0.942809041583395E-02
402 214 -0.100386635011491E-11
402 215 -0.1E-01
402 402 0.194280904168378E-01
403 39 -0.942809041583395E-02
403 214 -0.100386635011491E-11
403 215 -0.1E-01
403 403 0.194280904168378E-01
404 214 -0.1E-01
404 216 -0.100386635011491E-11
404 217 -0.942809041583395E-02
404 404 0.194280904168378E-01
405 216 -0.1E-01
405 218 -0.100386635011491E-11
405 219 -0.942809041583395E-02
405 405 0.194280904168378E-01
406 40 -0.100386635011491E-11
406 217 -0.1E-01
406 406 0.194280904168378E-01
407 8 -0.942809041583395E-02
407 220 -0.100386635011491E-11
407 221 -0.1E-01
407 407 0.194280904168378E-01
408 39 -0.942809041583395E-02
408 220 -0.100386635011491E-11
408 221 -0.1E-01
408 408 0.194280904168378E-01
409 220 -0.1E-01
409 222 -0.100386635011491E-11
409 223 -0.942809041583395E-02
409 409 0.194280904168378E-01
410 222 -0.1E-01
410 224 -0.100386635011491E-11
410 225 -0.942809041583395E-02
410 410 0.194280904168378E-01
411 41 -0.100386635011491E-11
411 223 -0.1E-01
411 411 0.194280904168378E-01
412 40 -0.942809041583395E-02
412 226 -0.100386635011491E-11
412 227 -0.1E-01
412 412 0.194280904168378E-01
413 41 -0.942809041583395E-02
413 226 -0.100386635011491E-11
413 227 -0.1E-01
413 413 0.194280904168378E-01
414 226 -0.1E-01
414 228 -0.100386635011491E-11
414 229 -0.942809041583395E-02
414 414 0.194280904168378E-01
415 228 -0.1E-01
415 230 -0.100386635011491E-11
415 231 -0.942809041583395E-02
415 415 0.194280904168378E-01
416 42 -0.100386635011491E-11
416 229 -0.1E-01
416 416 0.194280904168378E-01
417 17 -0.942809041583395E-02
417 232 -0.100386635011491E-11
417 233 -0.1E-01
417 417 0.194280904168378E-01
418 42 -0.942809041583395E-02
418 232 -0.100386635011491E-11
418 233 -0.1E-01
418 418 0.194280904168378E-01
419 232 -0.1E-01
419 234 -0.100386635011491E-11
419 235 -0.942809041583395E-02
419 419 0.194280904168378E-01
420 234 -0.1E-01
420 236 -0.100386635011491E-11
420 237 -0.942809041583395E-02
420 420 0.194280904168378E-01
421 43 -0.100386635011491E-11
421 235 -0.1E-01
421 421 0.194280904168378E-01
422 17 -0.942809041583395E-02
422 238 -0.100386635011491E-11
422 239 -0.1E-01
422 422 0.194280904168378E-01
423 43 -0.942809041583395E-02
423 238 -0.100386635011491E-11
423 239 -0.1E-01
423 423 0.194280904168378E-01
424 238 -0.1E-01
424 240 -0.100386635011491E-11
424 241 -0.942809041583395E-02
424 424 0.194280904168378E-01
425 240 -0.1E-01
425 242 -0.100386635011491E-11
425 243 -0.942809041583395E-02
425 425 0.194280904168378E-01
426 44 -0.100386635011491E-11
426 241 -0.1E-01
426 426 0.194280904168378E-01
427 42 -0.942809041583395E-02
427 244 -0.100386635011491E-11
427 245 -0.1E-01
427 427 0.194280904168378E-01
428 43 -0.942809041583395E-02
428 244 -0.100386635011491E-11
428 245 -0.1E-01
428 428 0.194280904168378E-01
429 244 -0.1E-01
429 246 -0.100386635011491E-11
429 247 -0.942809041583395E-02
429 429 0.194280904168378E-01
430 246 -0.1E-01
430 248 -0.100386635011491E-11
430 249 -0.942809041583395E-02
430 430 0.194280904168378E-01
431 45 -0.100386635011491E-11
431 247 -0.1E-01
431 431 0.194280904168378E-01
432 44 -0.942809041583395E-02
432 250 -0.100386635011491E-11
432 251 -0.1E-01
432 432 0.194280904168378E-01
433 45 -0.942809041583395E-02
433 250 -0.100386635011491E-11
433 251 -0.1E-01
433 433 0.194280904168378E-01
434 250 -0.1E-01
434 252 -0.100386635011491E-11
434 253 -0.942809041583395E-02
434 434 0.194280904168378E-01
435 252 -0.1E-01
435 254 -0.100386635011491E-11
435 255 -0.942809041583395E-02
435 435 0.194280904168378E-01
436 12 -0.100386635011491E-11
436 253 -0.1E-01
436 436 0.194280904168378E-01
437 43 -0.942809041583395E-02
437 256 -0.100386635011491E-11
437 257 -0.1E-01
437 437 0.194280904168378E-01
438 39 -0.942809041583395E-02
438 256 -0.100386635011491E-11
438 257 -0.1E-01
438 438 0.194280904168378E-01
439 256 -0.1E-01
439 258 -0.100386635011491E-11
439 259 -0.942809041583395E-02
439 439 0.194280904168378E-01
440 258 -0.1E-01
440 260 -0.100386635011491E-11
440 261 -0.942809041583395E-02
440 440 0.194280904168378E-01
441 13 -0.100386635011491E-11
441 259 -0.1E-01
441 441 0.194280904168378E-01
442 14 0.308423076923076E+00
442 47 -0.25E-03
442 48 -0.625E-03
442 50 -0.769230769230769E-02
442 53 -0.25E-03
442 54 -0.625E-03
442 56 -0.769230769230769E-02
442 59 -0.25E-03
442 60 -0.625E-03
442 62 -0.769230769230769E-02
442 65 -0.25E-03
442 66 -0.625E-03
442 68 -0.769230769230769E-02
442 71 -0.25E-03
442 72 -0.625E-03
442 74 -0.769230769230769E-02
442 77 -0.25E-03
442 78 -0.625E-03
442 80 -0.769230769230769E-02
442 83 -0.25E-03
442 84 -0.625E-03
442 86 -0.769230769230769E-02
442 89 -0.25E-03
442 90 -0.625E-03
442 92 -0.769230769230769E-02
442 95 -0.25E-03
442 96 -0.625E-03
442 98 -0.769230769230769E-02
442 101 -0.25E-03
442 102 -0.625E-03
442 104 -0.769230769230769E-02
442 107 -0.25E-03
442 108 -0.625E-03
442 110 -0.769230769230769E-02
442 113 -0.25E-03
442 114 -0.625E-03
442 116 -0.769230769230769E-02
442 119 -0.25E-03
442 120 -0.625E-03
442 122 -0.769230769230769E-02
442 125 -0.25E-03
442 126 -0.625E-03
442 128 -0.769230769230769E-02
442 131 -0.25E-03
442 132 -0.625E-03
442 134 -0.769230769230769E-02
442 137 -0.25E-03
442 138 -0.625E-03
442 140 -0.769230769230769E-02
442 143 -0.25E-03
442 144 -0.625E-03
442 146 -0.769230769230769E-02
442 149 -0.25E-03
442 150 -0.625E-03
442 152 -0.769230769230769E-02
442 155 -0.25E-03
442 156 -0.625E-03
442 158 -0.769230769230769E-02
442 161 -0.25E-03
442 162 -0.625E-03
442 164 -0.769230769230769E-02
442 167 -0.25E-03
442 168 -0.625E-03
442 170 -0.769230769230769E-02
442 173 -0.25E-03
442 174 -0.625E-03
442 176 -0.769230769230769E-02
442 179 -0.25E-03
442 180 -0.625E-03
442 182 -0.769230769230769E-02
442 185 -0.25E-03
442 186 -0.625E-03
442 188 -0.769230769230769E-02
442 191 -0.25E-03
442 192 -0.625E-03
442 194 -0.769230769230769E-02
442 197 -0.25E-03
442 198 -0.625E-03
442 200 -0.769230769230769E-02
442 203 -0.25E-03
442 204 -0.625E-03
442 206 -0.769230769230769E-02
442 209 -0.25E-03
442 210 -0.625E-03
442 212 -0.769230769230769E-02
442 215 -0.25E-03
442 216 -0.625E-03
442 218 -0.769230769230769E-02
442 221 -0.25E-03
442 222 -0.625E-03
442 224 -0.769230769230769E-02
442 227 -0.25E-03
442 228 -0.625E-03
442 230 -0.769230769230769E-02
442 233 -0.25E-03
442 234 -0.625E-03
442 236 -0.769230769230769E-02
442 239 -0.25E-03
442 240 -0.625E-03
442 242 -0.769230769230769E-02
442 245 -0.25E-03
442 246 -0.625E-03
442 248 -0.769230769230769E-02
442 251 -0.25E-03
442 252 -0.625E-03
442 254 -0.769230769230769E-02
442 257 -0.25E-03
442 258 -0.625E-03
442 260 -0.769230769230769E-02
442 442 0.1E+01
443 1 0.284728330558186E+01
443 46 -0.100386635011491E-11
443 52 -0.100386635011491E-11
443 262 -0.716534871602376E+00
443 267 -0.716534871602376E+00
443 443 0.1E+01
444 2 0.284728330558186E+01
444 46 -0.100386635011491E-11
444 58 -0.100386635011491E-11
444 263 -0.716534871602376E+00
444 272 -0.716534871602376E+00
444 444 0.1E+01
445 3 0.284728330558186E+01
445 100 -0.100386635011491E-11
445 106 -0.100386635011491E-11
445 307 -0.716534871602376E+00
445 312 -0.716534871602376E+00
445 445 0.1E+01
446 4 0.284728330558186E+01
446 100 -0.100386635011491E-11
446 112 -0.100386635011491E-11
446 308 -0.716534871602376E+00
446 317 -0.716534871602376E+00
446 446 0.1E+01
447 5 0.284728330558186E+01
447 154 -0.100386635011491E-11
447 160 -0.100386635011491E-11
447 352 -0.716534871602376E+00
447 357 -0.716534871602376E+00
447 447 0.1E+01
448 6 0.284728330558186E+01
448 154 -0.100386635011491E-11
448 166 -0.100386635011491E-11
448 353 -0.716534871602376E+00
448 362 -0.716534871602376E+00
448 448 0.1E+01
449 7 0.284728330558186E+01
449 208 -0.100386635011491E-11
449 214 -0.100386635011491E-11
449 397 -0.716534871602376E+00
449 402 -0.716534871602376E+00
449 449 0.1E+01
450 8 0.284728330558186E+01
450 208 -0.100386635011491E-11
450 220 -0.100386635011491E-11
450 398 -0.716534871602376E+00
450 407 -0.716534871602376E+00
450 450 0.1E+01
0 0 0.0
